7,286,873.00,147.34,38.80,115.31,1,-1,-1,-1
17,286,810.70,156.94,61.78,122.76,1,-1,-1,-1
18,286,863.04,164.70,61.02,127.65,1,-1,-1,-1
19,286,875.61,174.66,59.91,143.93,1,-1,-1,-1
20,286,878.09,188.22,87.63,159.45,1,-1,-1,-1
26,286,931.73,172.36,51.50,183.60,1,-1,-1,-1
27,286,880.18,154.88,52.22,159.87,1,-1,-1,-1
28,286,887.74,138.15,48.62,140.16,1,-1,-1,-1
43,286,829.43,153.00,48.25,139.06,1,-1,-1,-1
44,286,854.60,169.52,57.15,166.26,1,-1,-1,-1
45,286,806.08,253.41,81.21,232.57,1,-1,-1,-1
46,286,820.55,209.43,66.00,189.06,1,-1,-1,-1
47,286,833.17,180.89,61.12,158.47,1,-1,-1,-1
48,286,820.76,160.27,52.08,133.11,1,-1,-1,-1
55,286,857.67,163.14,51.25,160.97,1,-1,-1,-1
74,286,816.78,167.16,50.09,146.96,1,-1,-1,-1
75,286,795.73,193.38,56.64,170.16,1,-1,-1,-1
76,286,797.22,227.35,68.49,208.82,1,-1,-1,-1
77,286,793.14,267.22,82.99,260.87,1,-1,-1,-1
79,286,898.83,141.32,53.74,147.28,1,-1,-1,-1
80,286,825.14,150.48,51.30,137.68,1,-1,-1,-1
81,287,841.52,118.42,33.06,91.66,1,-1,-1,-1
81,286,801.66,150.61,46.51,129.79,1,-1,-1,-1
82,286,838.99,172.43,46.56,142.67,1,-1,-1,-1
84,287,844.25,112.70,34.06,97.41,1,-1,-1,-1
84,286,862.62,146.86,66.40,162.98,1,-1,-1,-1
85,286,889.79,162.43,61.11,186.97,1,-1,-1,-1
96,286,862.96,182.75,47.78,147.63,1,-1,-1,-1
102,286,866.02,232.07,63.69,201.93,1,-1,-1,-1
103,286,852.79,290.02,100.24,255.15,1,-1,-1,-1
105,286,825.49,159.20,48.13,130.57,1,-1,-1,-1
106,286,860.55,168.54,53.39,143.65,1,-1,-1,-1
107,286,878.77,171.28,48.33,149.43,1,-1,-1,-1
108,286,889.98,180.70,58.93,161.27,1,-1,-1,-1
109,286,913.54,186.33,46.38,164.28,1,-1,-1,-1
110,286,889.32,178.66,64.08,175.54,1,-1,-1,-1
111,286,844.37,164.48,47.62,146.55,1,-1,-1,-1
112,286,938.96,187.97,44.98,169.27,1,-1,-1,-1
242,288,964.73,292.56,69.65,283.48,1,-1,-1,-1
243,288,821.07,251.66,94.34,236.38,1,-1,-1,-1
244,288,843.86,213.42,68.51,202.05,1,-1,-1,-1
245,288,849.59,189.44,58.98,167.98,1,-1,-1,-1
246,288,829.88,169.12,60.07,148.86,1,-1,-1,-1
247,288,818.42,158.49,41.13,129.39,1,-1,-1,-1
275,289,848.79,158.49,68.94,159.90,1,-1,-1,-1
276,289,852.16,142.15,51.88,136.74,1,-1,-1,-1
277,289,849.36,130.58,45.68,120.05,1,-1,-1,-1
278,289,847.65,121.17,42.67,104.11,1,-1,-1,-1
305,290,847.08,128.40,34.12,100.32,1,-1,-1,-1
305,291,874.68,129.71,35.92,93.37,1,-1,-1,-1
306,290,832.73,142.07,36.83,113.67,1,-1,-1,-1
306,291,867.71,132.36,50.20,113.94,1,-1,-1,-1
307,290,812.77,154.62,40.92,127.78,1,-1,-1,-1
307,291,874.08,143.80,57.44,132.02,1,-1,-1,-1
308,290,804.43,170.59,48.47,157.34,1,-1,-1,-1
308,291,861.66,159.96,59.70,162.69,1,-1,-1,-1
309,290,829.34,199.72,70.38,184.29,1,-1,-1,-1
309,291,901.03,178.45,66.53,183.77,1,-1,-1,-1
310,290,825.70,243.17,83.78,220.82,1,-1,-1,-1
310,291,841.24,218.71,83.85,192.35,1,-1,-1,-1
311,290,837.88,266.17,107.88,282.32,1,-1,-1,-1
353,292,848.44,239.36,97.64,235.90,1,-1,-1,-1
354,292,870.32,199.87,69.11,191.93,1,-1,-1,-1
355,292,870.28,174.45,55.87,161.83,1,-1,-1,-1
356,292,831.72,157.17,56.52,136.99,1,-1,-1,-1
397,293,839.27,114.66,37.69,95.54,1,-1,-1,-1
398,293,855.18,114.02,28.23,95.58,1,-1,-1,-1
399,293,861.62,114.07,31.09,98.02,1,-1,-1,-1
400,293,869.02,127.63,40.22,108.30,1,-1,-1,-1
401,293,866.34,136.38,52.24,133.31,1,-1,-1,-1
402,293,796.14,157.30,58.92,160.93,1,-1,-1,-1
412,293,860.67,143.64,47.06,145.40,1,-1,-1,-1
413,293,864.78,130.07,37.59,118.11,1,-1,-1,-1
414,293,850.21,114.14,36.99,105.50,1,-1,-1,-1
433,293,920.95,181.05,43.89,172.42,1,-1,-1,-1
434,293,856.76,168.22,66.56,158.16,1,-1,-1,-1
435,293,850.06,154.83,53.02,136.95,1,-1,-1,-1
457,294,914.81,167.69,67.58,185.01,1,-1,-1,-1
458,294,857.14,154.40,60.08,167.87,1,-1,-1,-1
459,294,842.90,136.00,57.01,146.40,1,-1,-1,-1
460,294,826.94,135.13,36.57,110.83,1,-1,-1,-1
461,294,844.03,147.05,41.10,119.71,1,-1,-1,-1
462,294,859.69,157.30,46.72,137.68,1,-1,-1,-1
463,294,879.14,172.40,52.18,160.46,1,-1,-1,-1
516,295,848.60,162.10,45.95,137.19,1,-1,-1,-1
517,295,866.41,185.93,54.61,166.70,1,-1,-1,-1
518,295,866.03,225.36,66.71,211.95,1,-1,-1,-1
519,295,867.16,284.61,97.60,272.69,1,-1,-1,-1
539,295,890.69,177.41,87.80,178.19,1,-1,-1,-1
540,295,839.88,156.91,76.61,172.57,1,-1,-1,-1
541,295,802.56,148.89,67.75,139.11,1,-1,-1,-1
551,295,806.03,240.23,91.31,249.44,1,-1,-1,-1
552,295,815.53,204.12,74.87,202.56,1,-1,-1,-1
553,295,832.68,178.07,67.28,170.67,1,-1,-1,-1
554,295,835.51,161.79,60.94,151.29,1,-1,-1,-1
555,295,799.44,152.41,35.61,133.05,1,-1,-1,-1
571,295,832.96,195.52,60.53,181.26,1,-1,-1,-1
572,295,831.15,170.09,50.32,151.50,1,-1,-1,-1
573,295,802.03,157.52,38.92,124.04,1,-1,-1,-1
579,295,802.93,150.39,62.11,136.43,1,-1,-1,-1
580,295,830.40,163.31,60.54,155.97,1,-1,-1,-1
581,295,798.81,184.61,147.05,181.57,1,-1,-1,-1
582,295,815.09,208.36,118.48,216.06,1,-1,-1,-1
583,295,823.63,251.31,127.32,262.60,1,-1,-1,-1
631,296,886.81,123.91,46.78,116.91,1,-1,-1,-1
639,296,885.47,168.32,82.01,186.91,1,-1,-1,-1
640,296,857.74,144.54,57.82,157.99,1,-1,-1,-1
641,296,896.98,134.86,43.06,133.32,1,-1,-1,-1
687,297,842.74,172.01,50.87,146.43,1,-1,-1,-1
720,298,861.46,134.75,39.99,112.78,1,-1,-1,-1
721,298,861.89,147.67,41.13,131.48,1,-1,-1,-1
722,298,854.63,165.89,50.22,154.03,1,-1,-1,-1
723,298,812.37,193.65,63.98,186.44,1,-1,-1,-1
724,298,810.09,234.60,75.47,234.62,1,-1,-1,-1
725,298,915.94,290.89,114.73,292.68,1,-1,-1,-1
786,299,846.23,174.59,53.75,141.15,1,-1,-1,-1
787,299,844.04,202.44,55.20,164.35,1,-1,-1,-1
788,299,825.39,237.27,61.95,203.90,1,-1,-1,-1
789,299,856.70,282.72,82.07,260.53,1,-1,-1,-1
792,299,823.22,117.48,63.43,112.37,1,-1,-1,-1
794,299,829.93,119.25,32.55,94.30,1,-1,-1,-1
796,299,867.57,130.84,42.19,99.94,1,-1,-1,-1
797,299,852.30,120.23,41.10,114.91,1,-1,-1,-1
798,299,864.04,125.96,39.71,107.57,1,-1,-1,-1
799,299,855.99,131.15,39.00,113.68,1,-1,-1,-1
800,300,887.08,138.27,47.49,123.45,1,-1,-1,-1
800,299,846.63,141.49,46.73,126.86,1,-1,-1,-1
801,300,880.47,147.41,58.55,140.29,1,-1,-1,-1
801,299,832.01,155.24,51.04,143.76,1,-1,-1,-1
802,300,874.35,162.08,59.93,156.24,1,-1,-1,-1
802,299,828.63,169.38,58.49,161.44,1,-1,-1,-1
803,299,899.59,175.45,66.21,189.06,1,-1,-1,-1
821,299,857.51,271.82,104.79,288.14,1,-1,-1,-1
822,299,753.93,227.46,75.45,220.29,1,-1,-1,-1
823,299,815.64,186.78,48.43,173.25,1,-1,-1,-1
824,299,845.50,160.45,55.03,144.11,1,-1,-1,-1
825,299,854.75,143.43,44.94,125.71,1,-1,-1,-1
826,299,844.63,131.16,36.46,106.65,1,-1,-1,-1
827,299,855.19,121.24,32.56,95.81,1,-1,-1,-1
829,299,832.53,220.29,69.56,183.00,1,-1,-1,-1
830,299,843.61,179.44,51.12,146.73,1,-1,-1,-1
