33,61,888.96,60.31,80.71,183.16,1,-1,-1,-1
74,62,1066.80,177.53,112.19,234.21,1,-1,-1,-1
75,62,1203.59,264.65,127.76,282.45,1,-1,-1,-1
76,63,836.07,342.87,136.98,371.53,1,-1,-1,-1
77,63,658.52,401.13,207.92,379.71,1,-1,-1,-1
78,63,422.13,462.25,310.49,399.04,1,-1,-1,-1
79,63,280.02,512.32,245.18,463.61,1,-1,-1,-1
80,63,280.62,505.73,240.08,468.23,1,-1,-1,-1
81,63,286.61,519.48,233.63,467.20,1,-1,-1,-1
82,63,287.90,519.26,231.74,464.47,1,-1,-1,-1
83,63,287.91,518.70,231.59,465.51,1,-1,-1,-1
84,63,289.70,517.07,230.58,466.82,1,-1,-1,-1
85,63,289.10,517.25,231.50,466.97,1,-1,-1,-1
86,63,287.75,518.78,232.54,467.00,1,-1,-1,-1
87,63,292.51,515.83,229.88,470.20,1,-1,-1,-1
88,63,291.77,518.12,229.95,466.91,1,-1,-1,-1
89,63,273.49,547.61,244.41,438.52,1,-1,-1,-1
90,63,269.02,531.79,251.36,454.78,1,-1,-1,-1
91,63,270.24,529.30,250.14,457.25,1,-1,-1,-1
92,63,272.57,527.18,248.06,457.65,1,-1,-1,-1
93,63,270.29,525.67,249.33,458.86,1,-1,-1,-1
94,63,276.34,506.58,245.17,478.83,1,-1,-1,-1
95,63,280.93,521.45,237.16,467.71,1,-1,-1,-1
96,63,303.97,455.89,220.14,508.19,1,-1,-1,-1
97,64,595.41,381.38,281.18,355.75,1,-1,-1,-1
98,65,1094.25,360.45,226.56,428.97,1,-1,-1,-1
99,66,1517.78,305.72,118.82,405.14,1,-1,-1,-1
101,66,1637.35,404.80,111.67,277.18,1,-1,-1,-1
103,66,1636.56,412.17,116.78,254.60,1,-1,-1,-1
104,66,1635.34,417.75,115.75,251.33,1,-1,-1,-1
105,66,1636.91,416.79,114.10,247.56,1,-1,-1,-1
106,66,1637.76,422.40,115.50,240.86,1,-1,-1,-1
107,66,1637.76,423.35,115.40,237.03,1,-1,-1,-1
108,66,1637.79,425.29,113.05,236.26,1,-1,-1,-1
109,66,1639.64,420.42,113.57,241.15,1,-1,-1,-1
110,66,1639.39,417.58,113.89,247.83,1,-1,-1,-1
111,66,1641.31,420.37,117.77,236.92,1,-1,-1,-1
112,66,1638.34,418.60,115.78,238.55,1,-1,-1,-1
113,66,1638.57,421.77,108.65,246.66,1,-1,-1,-1
114,66,1638.78,419.89,117.79,244.59,1,-1,-1,-1
115,66,1638.05,420.37,114.97,235.05,1,-1,-1,-1
116,66,1639.12,422.20,117.22,222.75,1,-1,-1,-1
117,66,1639.46,418.22,120.41,219.64,1,-1,-1,-1
118,66,1638.11,418.79,122.89,227.66,1,-1,-1,-1
119,66,1638.66,415.37,120.22,223.21,1,-1,-1,-1
120,66,1638.45,420.33,118.62,230.19,1,-1,-1,-1
121,66,1637.85,423.56,118.62,235.71,1,-1,-1,-1
122,66,1637.87,415.15,116.36,237.86,1,-1,-1,-1
123,66,1637.71,415.15,118.55,241.70,1,-1,-1,-1
124,66,1637.94,414.07,118.49,247.66,1,-1,-1,-1
125,66,1637.44,421.03,116.17,246.44,1,-1,-1,-1
126,66,1636.86,417.27,120.12,242.13,1,-1,-1,-1
127,66,1623.32,405.30,129.69,235.40,1,-1,-1,-1
128,66,1626.41,415.59,125.80,236.73,1,-1,-1,-1
129,66,1626.44,415.83,127.66,241.94,1,-1,-1,-1
130,66,1626.01,413.43,127.30,251.59,1,-1,-1,-1
131,66,1626.25,410.44,126.48,254.22,1,-1,-1,-1
132,66,1626.04,416.90,126.44,249.37,1,-1,-1,-1
133,66,1626.02,412.27,125.54,261.68,1,-1,-1,-1
134,66,1629.37,408.18,121.85,261.11,1,-1,-1,-1
135,66,1628.27,405.70,122.87,263.48,1,-1,-1,-1
136,66,1628.17,406.94,123.70,262.25,1,-1,-1,-1
137,66,1628.52,408.99,123.27,260.36,1,-1,-1,-1
138,66,1627.33,409.03,124.44,259.18,1,-1,-1,-1
139,66,1617.04,413.81,134.96,273.87,1,-1,-1,-1
140,66,1634.19,409.86,114.74,257.99,1,-1,-1,-1
141,66,1636.70,415.58,116.42,248.96,1,-1,-1,-1
142,66,1633.50,411.35,117.33,253.76,1,-1,-1,-1
143,66,1625.63,406.01,121.19,241.79,1,-1,-1,-1
144,66,1628.36,411.22,120.05,223.79,1,-1,-1,-1
145,66,1627.10,413.24,121.27,222.21,1,-1,-1,-1
146,66,1630.91,413.49,118.93,224.35,1,-1,-1,-1
147,66,1631.27,416.79,116.94,224.40,1,-1,-1,-1
148,66,1630.80,414.45,117.32,225.27,1,-1,-1,-1
149,66,1631.84,414.42,116.77,224.43,1,-1,-1,-1
150,66,1631.88,414.69,115.73,225.84,1,-1,-1,-1
151,66,1632.98,415.33,113.79,222.30,1,-1,-1,-1
152,66,1631.49,412.50,115.97,225.30,1,-1,-1,-1
153,66,1634.11,417.72,112.61,231.76,1,-1,-1,-1
154,66,1635.95,416.59,111.13,225.51,1,-1,-1,-1
155,66,1634.63,419.04,112.34,223.69,1,-1,-1,-1
156,66,1635.34,420.05,112.69,222.59,1,-1,-1,-1
157,66,1635.98,419.53,113.24,221.37,1,-1,-1,-1
158,66,1634.89,418.11,112.27,215.92,1,-1,-1,-1
159,66,1635.49,418.41,114.58,215.85,1,-1,-1,-1
160,66,1635.12,419.64,114.60,216.45,1,-1,-1,-1
161,66,1638.57,423.24,119.96,215.03,1,-1,-1,-1
162,66,1637.79,419.77,121.52,217.40,1,-1,-1,-1
163,66,1637.51,417.92,123.05,218.79,1,-1,-1,-1
164,66,1626.31,415.16,127.56,222.02,1,-1,-1,-1
165,66,1639.87,432.53,125.96,216.25,1,-1,-1,-1
166,66,1639.05,427.29,121.83,215.84,1,-1,-1,-1
167,66,1638.15,425.95,122.09,241.27,1,-1,-1,-1
168,66,1640.70,431.80,118.29,242.01,1,-1,-1,-1
169,66,1641.27,423.45,126.06,228.57,1,-1,-1,-1
170,66,1638.74,402.64,125.54,232.66,1,-1,-1,-1
171,66,1640.19,428.23,119.09,207.15,1,-1,-1,-1
172,66,1639.73,419.19,118.86,250.11,1,-1,-1,-1
173,67,1097.17,200.86,97.76,272.66,1,-1,-1,-1
173,66,1640.11,413.67,117.65,249.09,1,-1,-1,-1
174,67,1092.13,248.52,153.08,247.90,1,-1,-1,-1
174,66,1640.22,410.68,118.58,254.64,1,-1,-1,-1
175,67,1245.33,241.90,120.46,277.99,1,-1,-1,-1
175,66,1639.71,410.79,118.89,256.36,1,-1,-1,-1
176,67,1285.85,298.07,179.35,406.08,1,-1,-1,-1
176,66,1639.90,418.15,118.40,257.32,1,-1,-1,-1
177,67,1293.94,296.93,183.02,410.91,1,-1,-1,-1
177,66,1637.42,409.01,120.67,260.42,1,-1,-1,-1
178,67,1416.48,325.22,167.48,403.27,1,-1,-1,-1
178,66,1647.78,411.45,119.92,256.42,1,-1,-1,-1
179,67,1421.82,327.79,164.79,401.08,1,-1,-1,-1
179,66,1638.35,406.20,122.84,272.14,1,-1,-1,-1
180,67,1421.21,332.29,162.69,395.51,1,-1,-1,-1
180,66,1633.72,404.09,125.37,272.22,1,-1,-1,-1
181,67,1421.84,335.33,160.37,392.00,1,-1,-1,-1
181,66,1638.24,419.65,119.31,247.29,1,-1,-1,-1
182,67,1421.29,333.57,161.58,394.12,1,-1,-1,-1
182,66,1639.50,426.57,116.63,238.15,1,-1,-1,-1
183,67,1421.50,337.67,158.78,390.29,1,-1,-1,-1
183,66,1640.52,426.55,114.46,241.57,1,-1,-1,-1
184,67,1421.36,331.56,156.78,396.75,1,-1,-1,-1
184,66,1641.65,425.40,112.94,243.11,1,-1,-1,-1
185,67,1421.14,329.67,153.55,398.73,1,-1,-1,-1
185,66,1641.79,426.22,112.12,242.33,1,-1,-1,-1
186,67,1422.36,337.59,155.19,390.84,1,-1,-1,-1
186,66,1641.66,424.35,112.03,244.15,1,-1,-1,-1
187,67,1421.95,336.59,153.52,391.85,1,-1,-1,-1
187,66,1640.92,423.63,114.13,239.41,1,-1,-1,-1
188,67,1410.23,355.86,147.82,375.43,1,-1,-1,-1
188,66,1639.55,422.56,118.29,261.42,1,-1,-1,-1
189,67,1320.23,331.60,133.29,358.89,1,-1,-1,-1
189,66,1639.82,426.37,115.13,243.13,1,-1,-1,-1
190,67,1332.31,280.95,132.34,398.37,1,-1,-1,-1
190,66,1642.61,408.05,118.21,254.29,1,-1,-1,-1
191,67,1332.47,289.80,124.19,388.96,1,-1,-1,-1
191,66,1556.88,413.42,189.25,263.17,1,-1,-1,-1
192,67,1332.01,285.46,123.68,394.97,1,-1,-1,-1
192,66,1567.92,411.54,197.58,270.13,1,-1,-1,-1
193,67,1333.47,285.77,124.58,397.66,1,-1,-1,-1
193,66,1576.47,410.42,186.81,267.18,1,-1,-1,-1
194,67,1333.56,284.88,125.95,397.52,1,-1,-1,-1
194,66,1627.09,420.99,133.48,261.37,1,-1,-1,-1
195,67,1334.92,282.87,124.50,395.64,1,-1,-1,-1
195,66,1636.94,426.45,127.39,253.21,1,-1,-1,-1
196,67,1332.94,282.89,127.01,397.30,1,-1,-1,-1
196,66,1632.11,423.32,133.47,257.68,1,-1,-1,-1
197,67,1329.36,279.13,136.11,402.95,1,-1,-1,-1
197,66,1624.95,422.85,140.37,258.83,1,-1,-1,-1
198,67,1336.26,323.91,160.55,389.26,1,-1,-1,-1
198,66,1632.08,430.04,132.35,247.86,1,-1,-1,-1
199,67,1494.18,386.61,137.89,400.64,1,-1,-1,-1
199,66,1786.05,446.69,133.73,249.91,1,-1,-1,-1
200,67,1567.19,398.37,151.25,429.30,1,-1,-1,-1
202,67,1609.92,408.11,156.22,283.30,1,-1,-1,-1
203,68,1359.49,328.16,136.29,435.04,1,-1,-1,-1
203,67,1587.18,406.75,177.78,279.77,1,-1,-1,-1
204,68,1346.40,333.26,138.78,429.92,1,-1,-1,-1
205,68,1304.70,326.14,201.51,436.89,1,-1,-1,-1
205,67,1545.42,404.50,216.13,278.88,1,-1,-1,-1
206,68,1354.82,328.47,129.95,435.46,1,-1,-1,-1
206,67,1568.56,411.85,204.55,271.63,1,-1,-1,-1
207,68,1356.62,322.74,137.77,439.85,1,-1,-1,-1
207,67,1582.05,409.65,194.59,262.23,1,-1,-1,-1
208,68,1305.94,281.27,135.85,393.84,1,-1,-1,-1
208,67,1582.78,411.63,188.10,272.78,1,-1,-1,-1
209,68,1290.10,281.82,149.65,391.00,1,-1,-1,-1
209,67,1583.52,406.23,187.73,282.66,1,-1,-1,-1
210,68,1309.30,278.43,133.49,392.08,1,-1,-1,-1
210,67,1581.35,402.47,197.53,277.86,1,-1,-1,-1
211,68,1425.94,269.07,135.59,405.54,1,-1,-1,-1
212,68,1453.03,265.36,136.65,388.03,1,-1,-1,-1
212,67,1574.71,399.04,179.63,270.83,1,-1,-1,-1
213,68,1578.70,293.74,162.57,387.07,1,-1,-1,-1
213,67,1563.33,406.00,181.72,281.38,1,-1,-1,-1
214,69,1316.51,356.47,158.02,450.74,1,-1,-1,-1
214,67,1561.16,417.55,165.17,263.87,1,-1,-1,-1
215,69,1208.35,440.81,166.23,475.55,1,-1,-1,-1
216,69,1218.28,410.20,159.04,505.62,1,-1,-1,-1
216,67,1577.00,399.09,152.24,288.94,1,-1,-1,-1
217,69,1216.96,416.44,179.98,502.94,1,-1,-1,-1
217,67,1593.50,400.06,136.28,294.85,1,-1,-1,-1
218,69,1216.98,423.28,189.03,510.86,1,-1,-1,-1
218,67,1553.46,395.09,181.12,279.95,1,-1,-1,-1
219,69,1219.05,370.23,180.53,462.82,1,-1,-1,-1
219,67,1555.33,402.00,170.26,271.78,1,-1,-1,-1
220,67,1568.99,401.66,154.07,263.96,1,-1,-1,-1
221,67,1562.79,412.33,169.05,255.23,1,-1,-1,-1
222,67,1543.12,371.30,157.11,306.50,1,-1,-1,-1
223,67,1453.12,289.09,186.50,399.53,1,-1,-1,-1
224,67,1507.13,282.24,131.27,401.97,1,-1,-1,-1
225,67,1472.17,285.79,171.31,404.36,1,-1,-1,-1
226,69,1206.97,365.16,183.35,454.85,1,-1,-1,-1
226,67,1474.63,289.51,187.25,397.91,1,-1,-1,-1
227,70,1423.53,379.68,167.29,445.74,1,-1,-1,-1
227,67,1504.37,306.27,169.19,354.78,1,-1,-1,-1
228,70,1528.02,319.15,120.62,427.27,1,-1,-1,-1
229,71,1040.34,160.91,123.82,258.89,1,-1,-1,-1
229,70,1515.37,480.79,181.05,366.41,1,-1,-1,-1
230,71,995.38,150.53,110.32,280.31,1,-1,-1,-1
230,70,1488.80,490.93,196.83,370.97,1,-1,-1,-1
231,71,946.06,162.75,124.15,273.87,1,-1,-1,-1
231,70,1425.28,657.13,259.31,286.54,1,-1,-1,-1
232,71,941.92,188.60,110.42,226.99,1,-1,-1,-1
232,70,1506.89,691.77,233.74,339.63,1,-1,-1,-1
233,71,930.79,154.38,90.81,253.34,1,-1,-1,-1
235,71,945.20,147.24,140.14,252.47,1,-1,-1,-1
236,72,1332.35,406.24,166.57,519.13,1,-1,-1,-1
236,71,944.96,149.85,85.73,249.54,1,-1,-1,-1
237,72,1332.52,406.29,160.72,521.20,1,-1,-1,-1
237,71,944.23,167.38,135.48,240.57,1,-1,-1,-1
238,72,1159.20,416.19,169.93,502.29,1,-1,-1,-1
238,71,960.03,160.79,99.77,259.15,1,-1,-1,-1
239,71,1119.03,209.54,115.62,272.31,1,-1,-1,-1
242,72,1096.20,353.18,143.19,435.95,1,-1,-1,-1
243,72,1220.29,372.92,181.34,403.46,1,-1,-1,-1
245,72,1298.41,424.43,230.03,471.71,1,-1,-1,-1
245,70,1487.92,517.72,219.28,485.57,1,-1,-1,-1
246,70,1598.28,464.33,218.55,442.92,1,-1,-1,-1
249,72,1471.47,547.52,267.23,412.46,1,-1,-1,-1
251,73,1328.41,724.47,242.33,311.98,1,-1,-1,-1
251,74,1412.72,351.61,112.70,381.10,1,-1,-1,-1
254,75,1032.31,573.92,225.02,328.44,1,-1,-1,-1
254,74,1297.51,406.23,183.35,379.64,1,-1,-1,-1
255,74,1185.36,466.36,234.36,418.23,1,-1,-1,-1
262,75,1261.38,383.13,149.87,380.83,1,-1,-1,-1
262,74,1264.02,344.82,145.14,438.72,1,-1,-1,-1
270,75,1443.37,384.76,118.11,458.33,1,-1,-1,-1
270,74,1442.36,384.49,119.16,468.43,1,-1,-1,-1
271,76,1204.25,385.13,148.25,336.13,1,-1,-1,-1
272,77,1185.24,684.91,299.51,273.80,1,-1,-1,-1
272,76,1204.95,382.72,145.97,335.26,1,-1,-1,-1
273,77,1151.38,718.62,333.78,287.44,1,-1,-1,-1
273,76,1209.17,379.03,145.56,366.12,1,-1,-1,-1
274,76,1203.71,386.74,149.18,439.50,1,-1,-1,-1
274,74,1473.15,553.89,195.98,445.02,1,-1,-1,-1
275,76,1182.56,378.91,154.70,450.24,1,-1,-1,-1
275,74,1551.49,540.52,237.29,351.59,1,-1,-1,-1
276,76,1074.45,439.15,182.92,474.23,1,-1,-1,-1
277,76,1049.61,549.94,238.20,464.29,1,-1,-1,-1
278,77,1277.06,575.03,205.67,379.11,1,-1,-1,-1
278,76,1087.53,478.79,175.08,488.91,1,-1,-1,-1
279,77,1317.05,562.57,166.22,411.43,1,-1,-1,-1
279,76,1073.77,474.35,176.35,493.66,1,-1,-1,-1
280,77,1320.74,560.62,163.92,421.19,1,-1,-1,-1
280,76,1036.18,478.71,211.54,492.31,1,-1,-1,-1
281,77,1329.56,582.66,192.36,409.30,1,-1,-1,-1
281,76,1062.99,474.89,190.76,493.96,1,-1,-1,-1
282,77,1326.65,586.31,193.71,404.27,1,-1,-1,-1
282,76,1071.09,479.59,186.84,485.39,1,-1,-1,-1
283,77,1325.32,579.95,190.96,420.30,1,-1,-1,-1
283,76,1078.79,475.50,187.88,497.08,1,-1,-1,-1
284,77,1326.23,590.00,185.12,406.00,1,-1,-1,-1
284,76,1078.92,487.87,187.85,476.98,1,-1,-1,-1
285,77,1327.81,584.83,180.17,426.89,1,-1,-1,-1
285,76,1081.07,482.05,189.15,490.62,1,-1,-1,-1
286,77,1355.98,546.94,166.68,460.96,1,-1,-1,-1
286,76,1080.03,539.12,177.07,495.04,1,-1,-1,-1
287,77,1347.92,516.38,186.73,469.21,1,-1,-1,-1
287,76,1153.05,416.87,195.75,498.76,1,-1,-1,-1
289,76,1364.53,634.92,192.09,354.36,1,-1,-1,-1
293,78,1342.60,303.02,115.00,392.02,1,-1,-1,-1
295,79,1017.64,471.66,188.65,488.73,1,-1,-1,-1
306,78,1442.99,363.56,130.35,381.67,1,-1,-1,-1
307,79,1172.16,486.86,194.87,499.34,1,-1,-1,-1
308,79,1102.96,535.47,216.82,428.40,1,-1,-1,-1
309,79,1162.19,489.67,193.03,388.76,1,-1,-1,-1
310,80,1193.64,831.51,318.37,244.57,1,-1,-1,-1
310,79,1140.66,479.99,195.00,461.06,1,-1,-1,-1
314,79,1044.77,388.03,163.37,502.40,1,-1,-1,-1
315,79,1157.85,249.63,118.45,452.50,1,-1,-1,-1
316,79,1133.43,296.77,129.08,410.50,1,-1,-1,-1
317,79,1011.90,384.73,144.53,490.94,1,-1,-1,-1
318,79,914.46,522.47,192.82,419.84,1,-1,-1,-1
319,79,875.31,591.36,209.60,475.27,1,-1,-1,-1
321,79,895.39,846.16,228.63,215.18,1,-1,-1,-1
322,79,960.92,697.48,225.62,340.26,1,-1,-1,-1
324,79,1109.93,737.20,271.61,319.68,1,-1,-1,-1
326,81,912.70,370.39,122.05,246.08,1,-1,-1,-1
327,81,906.79,347.67,157.23,443.34,1,-1,-1,-1
328,81,902.25,381.32,183.33,469.95,1,-1,-1,-1
329,81,1005.10,326.32,114.92,405.01,1,-1,-1,-1
330,81,1241.44,324.13,146.07,344.92,1,-1,-1,-1
331,82,836.91,423.89,174.94,434.38,1,-1,-1,-1
332,82,716.53,564.37,275.74,273.92,1,-1,-1,-1
333,82,709.85,661.07,289.11,345.83,1,-1,-1,-1
334,82,883.19,822.59,300.91,255.62,1,-1,-1,-1
335,83,1106.17,411.68,121.39,410.10,1,-1,-1,-1
335,82,951.29,836.01,325.74,231.65,1,-1,-1,-1
336,82,1053.52,510.49,208.28,529.53,1,-1,-1,-1
337,84,601.44,627.02,255.15,386.30,1,-1,-1,-1
337,82,1163.58,607.96,206.28,482.26,1,-1,-1,-1
338,84,607.35,652.14,269.47,376.90,1,-1,-1,-1
338,82,1164.85,474.80,218.29,456.15,1,-1,-1,-1
339,84,742.87,688.46,281.01,367.35,1,-1,-1,-1
341,84,836.63,688.13,251.95,362.38,1,-1,-1,-1
344,84,869.66,727.34,228.70,347.80,1,-1,-1,-1
344,82,1182.45,530.15,239.64,470.59,1,-1,-1,-1
345,84,816.50,751.85,253.48,315.37,1,-1,-1,-1
346,84,679.43,480.90,190.11,492.53,1,-1,-1,-1
347,83,1182.99,296.76,148.32,408.54,1,-1,-1,-1
348,83,1242.42,260.08,110.50,388.54,1,-1,-1,-1
349,83,1228.37,261.38,116.33,371.51,1,-1,-1,-1
351,83,1324.55,268.59,132.28,378.30,1,-1,-1,-1
352,85,998.80,330.31,162.00,342.68,1,-1,-1,-1
352,84,700.78,448.89,161.00,491.00,1,-1,-1,-1
353,85,958.13,479.20,183.98,195.06,1,-1,-1,-1
353,84,693.52,436.06,171.09,500.21,1,-1,-1,-1
354,85,963.38,437.09,181.13,212.67,1,-1,-1,-1
354,84,813.76,391.27,143.58,490.89,1,-1,-1,-1
355,85,1139.00,350.10,165.13,259.33,1,-1,-1,-1
355,84,1065.31,321.99,148.39,435.68,1,-1,-1,-1
356,83,1325.28,313.61,190.10,389.51,1,-1,-1,-1
357,84,1128.33,373.98,182.30,238.11,1,-1,-1,-1
357,83,1531.82,301.60,141.22,368.73,1,-1,-1,-1
359,83,1632.13,411.25,125.28,231.80,1,-1,-1,-1
360,86,775.64,344.20,128.70,351.18,1,-1,-1,-1
360,83,1641.06,422.55,117.44,202.24,1,-1,-1,-1
361,86,740.37,330.06,139.04,367.90,1,-1,-1,-1
362,86,807.63,333.87,154.89,411.68,1,-1,-1,-1
363,84,1174.62,291.13,157.90,308.16,1,-1,-1,-1
370,87,1628.39,414.02,121.16,265.27,1,-1,-1,-1
371,87,1630.36,416.41,121.33,255.82,1,-1,-1,-1
374,86,786.00,338.00,151.50,401.99,1,-1,-1,-1
374,83,1633.02,419.31,116.99,209.74,1,-1,-1,-1
375,87,1632.30,417.51,117.43,240.56,1,-1,-1,-1
375,86,754.29,366.85,146.46,336.15,1,-1,-1,-1
375,83,1631.77,417.80,116.62,213.76,1,-1,-1,-1
376,86,780.13,328.97,122.82,372.29,1,-1,-1,-1
377,87,1624.61,416.44,129.05,248.86,1,-1,-1,-1
378,87,1619.92,419.46,132.59,247.42,1,-1,-1,-1
379,87,1621.87,415.07,135.56,248.04,1,-1,-1,-1
379,84,1259.40,276.75,164.62,351.87,1,-1,-1,-1
380,87,1629.14,415.39,128.28,244.85,1,-1,-1,-1
380,86,847.71,327.65,227.60,401.33,1,-1,-1,-1
381,87,1632.58,410.94,124.30,239.21,1,-1,-1,-1
381,86,798.25,465.32,140.50,255.96,1,-1,-1,-1
381,83,1633.55,410.43,121.81,216.91,1,-1,-1,-1
382,87,1633.18,413.20,125.52,237.66,1,-1,-1,-1
382,86,799.33,482.18,138.99,247.54,1,-1,-1,-1
382,83,1633.68,412.44,124.07,217.09,1,-1,-1,-1
383,87,1639.48,413.59,117.39,224.11,1,-1,-1,-1
383,86,797.17,486.91,140.06,242.75,1,-1,-1,-1
383,83,1640.10,412.68,116.24,212.76,1,-1,-1,-1
384,87,1640.17,410.84,114.62,219.07,1,-1,-1,-1
384,86,814.18,393.27,162.41,330.13,1,-1,-1,-1
384,83,1641.12,411.16,113.20,211.55,1,-1,-1,-1
385,86,1062.67,316.59,134.74,348.16,1,-1,-1,-1
386,87,1630.79,409.56,124.16,222.13,1,-1,-1,-1
386,86,1135.81,251.53,117.86,367.95,1,-1,-1,-1
386,83,1634.18,410.28,118.43,207.88,1,-1,-1,-1
387,87,1637.78,408.05,116.95,223.27,1,-1,-1,-1
387,86,1139.15,252.81,118.55,365.36,1,-1,-1,-1
387,83,1639.13,408.40,113.47,205.78,1,-1,-1,-1
388,87,1636.29,411.68,117.14,223.28,1,-1,-1,-1
388,86,1141.19,239.65,109.91,378.66,1,-1,-1,-1
389,87,1637.64,408.94,114.62,222.88,1,-1,-1,-1
389,86,1140.02,240.98,111.27,377.99,1,-1,-1,-1
390,87,1633.01,408.47,117.46,224.32,1,-1,-1,-1
390,86,1140.72,259.03,126.89,361.42,1,-1,-1,-1
391,87,1626.54,418.76,125.09,246.42,1,-1,-1,-1
391,86,1119.03,291.85,167.14,340.15,1,-1,-1,-1
392,87,1629.25,420.38,123.00,239.38,1,-1,-1,-1
392,86,1127.62,365.91,150.24,252.71,1,-1,-1,-1
392,83,1635.62,419.13,115.90,203.25,1,-1,-1,-1
393,87,1631.97,420.16,120.87,233.92,1,-1,-1,-1
393,86,1099.14,354.06,175.51,264.38,1,-1,-1,-1
393,83,1634.84,420.19,116.36,203.99,1,-1,-1,-1
394,87,1629.03,418.95,123.52,239.34,1,-1,-1,-1
394,86,1108.85,290.60,165.89,328.63,1,-1,-1,-1
394,83,1633.68,419.90,117.61,213.73,1,-1,-1,-1
395,87,1623.53,418.87,129.46,239.73,1,-1,-1,-1
395,86,1065.93,304.37,195.61,310.10,1,-1,-1,-1
395,83,1628.48,419.73,123.12,213.44,1,-1,-1,-1
396,87,1635.32,425.56,118.22,228.03,1,-1,-1,-1
396,86,983.93,333.71,196.94,299.58,1,-1,-1,-1
396,83,1638.82,424.95,115.17,207.95,1,-1,-1,-1
397,87,1636.90,416.47,118.25,229.87,1,-1,-1,-1
397,86,850.59,380.91,250.91,333.42,1,-1,-1,-1
397,83,1638.51,417.73,115.55,210.74,1,-1,-1,-1
398,87,1637.15,413.28,117.44,225.54,1,-1,-1,-1
398,86,850.78,375.61,235.83,338.65,1,-1,-1,-1
398,83,1638.08,414.24,114.95,210.82,1,-1,-1,-1
399,87,1633.84,406.79,120.78,229.87,1,-1,-1,-1
399,86,844.71,377.78,230.63,338.12,1,-1,-1,-1
399,83,1635.13,407.55,117.51,211.93,1,-1,-1,-1
400,87,1634.93,413.68,117.38,226.35,1,-1,-1,-1
400,86,906.81,369.77,166.71,345.52,1,-1,-1,-1
400,83,1636.29,413.77,113.83,206.17,1,-1,-1,-1
401,86,955.72,361.78,147.18,354.14,1,-1,-1,-1
401,83,1636.79,418.94,114.27,206.23,1,-1,-1,-1
402,87,1635.88,412.13,120.93,206.11,1,-1,-1,-1
402,86,1033.39,329.84,172.59,315.52,1,-1,-1,-1
403,87,1638.32,411.45,112.14,210.93,1,-1,-1,-1
403,86,1090.52,325.16,136.65,321.99,1,-1,-1,-1
404,87,1636.14,409.33,114.48,228.17,1,-1,-1,-1
404,86,1089.92,320.53,138.50,331.59,1,-1,-1,-1
405,87,1627.86,409.55,121.44,236.71,1,-1,-1,-1
405,86,1033.53,268.96,150.12,395.07,1,-1,-1,-1
406,87,1624.86,409.33,125.70,245.41,1,-1,-1,-1
406,86,1071.94,275.73,117.53,385.26,1,-1,-1,-1
407,87,1620.89,407.40,128.45,248.38,1,-1,-1,-1
407,86,1073.45,271.51,117.78,394.20,1,-1,-1,-1
407,83,1634.90,407.90,114.85,215.39,1,-1,-1,-1
408,87,1638.43,422.61,129.69,228.59,1,-1,-1,-1
408,86,1073.54,267.37,117.83,397.96,1,-1,-1,-1
408,83,1643.20,422.51,124.39,204.85,1,-1,-1,-1
409,87,1629.44,412.93,124.55,227.32,1,-1,-1,-1
409,86,1075.67,277.08,110.73,384.06,1,-1,-1,-1
410,87,1628.33,413.92,126.44,230.95,1,-1,-1,-1
410,86,1077.06,267.34,111.99,397.80,1,-1,-1,-1
411,87,1632.46,419.22,123.40,226.84,1,-1,-1,-1
411,86,1076.62,268.78,112.19,396.50,1,-1,-1,-1
412,87,1633.38,414.28,124.18,229.02,1,-1,-1,-1
412,86,1074.46,268.97,112.57,396.30,1,-1,-1,-1
413,87,1629.95,416.01,127.52,232.03,1,-1,-1,-1
413,86,1074.77,268.65,112.34,396.70,1,-1,-1,-1
414,87,1630.14,416.43,128.27,234.22,1,-1,-1,-1
414,86,1075.22,268.12,112.52,397.20,1,-1,-1,-1
414,83,1634.07,416.96,124.40,210.07,1,-1,-1,-1
415,87,1628.06,411.55,130.41,243.02,1,-1,-1,-1
415,86,1076.10,268.02,112.59,396.67,1,-1,-1,-1
415,83,1632.57,411.69,125.15,214.71,1,-1,-1,-1
416,87,1631.24,410.57,129.21,239.92,1,-1,-1,-1
416,86,1076.10,268.66,112.09,396.26,1,-1,-1,-1
416,83,1633.59,410.85,125.58,214.47,1,-1,-1,-1
417,87,1632.37,419.36,124.35,228.93,1,-1,-1,-1
417,86,1076.96,269.26,110.86,395.93,1,-1,-1,-1
417,83,1633.65,419.29,122.13,207.18,1,-1,-1,-1
418,86,1077.62,280.38,109.61,383.30,1,-1,-1,-1
418,83,1634.43,417.65,123.75,210.54,1,-1,-1,-1
419,87,1631.30,408.59,123.42,233.82,1,-1,-1,-1
419,86,1076.42,268.92,112.69,396.14,1,-1,-1,-1
420,87,1631.95,410.82,121.47,233.46,1,-1,-1,-1
420,86,1078.33,280.99,109.68,380.48,1,-1,-1,-1
421,87,1631.26,412.87,121.16,235.59,1,-1,-1,-1
421,86,1077.68,267.90,110.77,396.51,1,-1,-1,-1
422,87,1635.42,412.03,116.06,233.76,1,-1,-1,-1
422,86,1059.69,278.27,115.80,386.43,1,-1,-1,-1
423,87,1637.18,412.27,115.08,232.70,1,-1,-1,-1
423,86,1044.86,291.48,117.11,371.19,1,-1,-1,-1
424,87,1634.16,411.60,117.49,236.53,1,-1,-1,-1
424,86,1047.27,284.24,114.94,378.81,1,-1,-1,-1
425,87,1627.56,410.87,122.83,244.23,1,-1,-1,-1
425,86,1043.28,276.85,114.25,381.58,1,-1,-1,-1
425,83,1632.27,412.06,120.32,220.00,1,-1,-1,-1
426,88,1321.57,273.25,136.25,385.65,1,-1,-1,-1
426,87,1622.62,406.94,128.58,255.61,1,-1,-1,-1
427,87,1621.12,409.26,131.66,247.30,1,-1,-1,-1
428,88,1280.51,264.52,280.42,370.20,1,-1,-1,-1
428,87,1616.07,408.74,136.17,247.64,1,-1,-1,-1
429,87,1632.58,408.98,119.71,237.30,1,-1,-1,-1
430,87,1636.97,411.68,115.68,228.79,1,-1,-1,-1
431,87,1630.95,411.90,120.36,227.39,1,-1,-1,-1
432,88,1163.56,270.93,196.79,399.05,1,-1,-1,-1
432,87,1626.83,411.07,124.91,230.85,1,-1,-1,-1
433,87,1634.85,409.87,117.91,248.07,1,-1,-1,-1
434,88,988.64,308.63,149.56,392.46,1,-1,-1,-1
434,87,1629.40,409.00,123.58,246.32,1,-1,-1,-1
435,88,781.39,305.45,124.84,395.34,1,-1,-1,-1
435,87,1632.82,408.54,119.98,242.99,1,-1,-1,-1
435,83,1633.77,408.73,118.82,223.43,1,-1,-1,-1
436,88,741.83,307.64,149.17,392.49,1,-1,-1,-1
436,87,1636.57,409.76,115.99,242.16,1,-1,-1,-1
436,83,1636.83,409.96,114.88,223.54,1,-1,-1,-1
437,88,744.45,303.85,147.29,395.20,1,-1,-1,-1
438,88,788.68,302.15,160.94,396.67,1,-1,-1,-1
439,88,783.13,304.77,148.95,397.51,1,-1,-1,-1
440,88,809.03,301.69,144.13,401.32,1,-1,-1,-1
440,87,1639.65,405.02,127.47,254.22,1,-1,-1,-1
441,88,832.43,310.80,180.43,431.33,1,-1,-1,-1
441,87,1641.62,412.16,127.89,251.73,1,-1,-1,-1
441,83,1641.01,412.44,124.50,234.26,1,-1,-1,-1
442,88,929.48,306.19,188.19,428.38,1,-1,-1,-1
443,88,945.02,296.40,185.94,428.03,1,-1,-1,-1
443,87,1641.54,402.70,124.59,253.73,1,-1,-1,-1
443,86,1006.83,299.27,140.64,376.84,1,-1,-1,-1
443,83,1642.83,402.69,121.87,227.20,1,-1,-1,-1
444,88,1013.87,337.90,161.54,464.68,1,-1,-1,-1
444,87,1644.65,407.55,129.60,249.54,1,-1,-1,-1
444,83,1644.95,407.33,126.32,221.76,1,-1,-1,-1
445,88,1017.08,339.82,145.89,459.58,1,-1,-1,-1
445,87,1638.85,405.23,130.36,250.55,1,-1,-1,-1
445,83,1638.37,405.70,128.06,225.59,1,-1,-1,-1
446,88,1026.78,342.51,130.54,457.07,1,-1,-1,-1
446,87,1587.03,404.78,145.51,256.92,1,-1,-1,-1
446,83,1571.28,406.80,159.19,236.00,1,-1,-1,-1
447,88,1025.55,332.40,130.89,467.16,1,-1,-1,-1
447,87,1574.12,408.49,156.72,253.09,1,-1,-1,-1
447,83,1555.49,408.20,172.40,229.28,1,-1,-1,-1
448,88,1032.37,354.09,128.89,445.15,1,-1,-1,-1
448,87,1580.17,405.16,150.33,252.55,1,-1,-1,-1
448,83,1551.65,406.14,177.37,228.18,1,-1,-1,-1
449,88,1018.80,365.67,118.32,419.05,1,-1,-1,-1
449,87,1586.00,408.24,143.91,257.14,1,-1,-1,-1
449,83,1552.28,408.85,175.46,225.83,1,-1,-1,-1
450,87,1587.87,411.10,141.38,256.79,1,-1,-1,-1
450,83,1551.94,411.71,176.93,222.49,1,-1,-1,-1
451,87,1589.87,418.07,139.17,252.21,1,-1,-1,-1
451,83,1550.68,418.24,177.76,217.31,1,-1,-1,-1
452,88,958.70,340.95,129.25,413.42,1,-1,-1,-1
452,87,1590.51,417.04,138.69,252.91,1,-1,-1,-1
452,83,1551.26,417.37,177.49,215.71,1,-1,-1,-1
453,87,1591.37,410.91,138.38,258.72,1,-1,-1,-1
453,83,1551.96,412.10,176.98,220.21,1,-1,-1,-1
454,87,1593.42,413.08,137.55,257.48,1,-1,-1,-1
454,83,1551.77,413.61,178.40,218.52,1,-1,-1,-1
455,87,1593.29,414.72,138.02,256.21,1,-1,-1,-1
455,83,1550.54,415.72,179.84,215.94,1,-1,-1,-1
456,88,988.12,418.51,173.80,481.02,1,-1,-1,-1
456,87,1594.64,413.08,137.25,257.20,1,-1,-1,-1
456,83,1550.70,414.88,180.80,217.00,1,-1,-1,-1
457,88,955.28,420.15,192.18,478.51,1,-1,-1,-1
457,87,1595.97,414.66,134.56,256.86,1,-1,-1,-1
457,83,1550.96,416.16,179.14,216.55,1,-1,-1,-1
458,88,1029.65,376.38,166.67,474.33,1,-1,-1,-1
458,87,1604.23,410.10,139.22,257.76,1,-1,-1,-1
458,83,1552.34,410.66,190.64,222.00,1,-1,-1,-1
459,88,974.07,432.33,202.93,293.78,1,-1,-1,-1
459,87,1601.16,412.55,159.59,256.73,1,-1,-1,-1
459,83,1553.02,413.38,206.93,220.21,1,-1,-1,-1
460,88,983.53,386.70,194.16,334.32,1,-1,-1,-1
460,87,1602.17,413.06,158.70,257.26,1,-1,-1,-1
460,83,1553.61,412.84,206.81,220.82,1,-1,-1,-1
461,88,1028.09,355.44,179.01,401.94,1,-1,-1,-1
461,87,1592.73,411.97,155.43,257.89,1,-1,-1,-1
461,83,1549.91,411.66,196.52,220.71,1,-1,-1,-1
462,88,1021.04,338.71,186.81,428.21,1,-1,-1,-1
462,87,1588.50,408.52,156.34,263.23,1,-1,-1,-1
462,83,1550.09,409.12,194.20,218.25,1,-1,-1,-1
463,88,1016.89,343.63,194.50,424.58,1,-1,-1,-1
463,87,1584.94,412.08,158.74,260.65,1,-1,-1,-1
463,83,1549.96,412.52,192.88,215.97,1,-1,-1,-1
464,88,1018.99,360.30,207.48,436.34,1,-1,-1,-1
464,87,1585.17,415.66,158.42,256.71,1,-1,-1,-1
464,83,1548.91,416.09,194.03,215.41,1,-1,-1,-1
465,88,1013.89,371.78,190.92,448.34,1,-1,-1,-1
465,87,1586.10,416.34,159.55,255.45,1,-1,-1,-1
465,83,1548.61,416.69,196.57,213.39,1,-1,-1,-1
466,88,1017.37,358.89,185.32,462.67,1,-1,-1,-1
466,87,1587.17,413.71,157.39,258.92,1,-1,-1,-1
466,83,1549.06,414.36,195.36,213.21,1,-1,-1,-1
467,88,1014.07,355.71,217.38,472.03,1,-1,-1,-1
467,87,1586.81,407.90,159.00,265.03,1,-1,-1,-1
467,83,1548.65,409.43,197.80,217.31,1,-1,-1,-1
468,88,1032.92,452.92,226.74,416.74,1,-1,-1,-1
468,87,1589.46,413.16,159.13,259.59,1,-1,-1,-1
468,83,1549.24,414.46,199.11,216.58,1,-1,-1,-1
469,88,1033.18,557.42,232.62,310.90,1,-1,-1,-1
469,87,1589.86,409.28,161.90,261.83,1,-1,-1,-1
469,83,1550.38,410.22,201.38,218.79,1,-1,-1,-1
470,88,1026.02,625.41,238.01,240.89,1,-1,-1,-1
470,87,1598.30,411.76,161.35,257.02,1,-1,-1,-1
470,83,1554.04,412.12,204.47,216.28,1,-1,-1,-1
471,88,1024.99,642.96,237.39,227.04,1,-1,-1,-1
471,87,1584.73,409.45,162.69,260.39,1,-1,-1,-1
471,83,1550.16,409.72,196.74,216.64,1,-1,-1,-1
472,88,1016.57,635.79,246.71,233.52,1,-1,-1,-1
472,87,1583.06,410.37,163.37,261.21,1,-1,-1,-1
472,83,1551.18,410.91,195.05,214.79,1,-1,-1,-1
473,88,1018.92,633.64,244.53,235.34,1,-1,-1,-1
473,87,1582.67,410.07,163.94,261.60,1,-1,-1,-1
473,83,1551.53,410.94,195.20,214.76,1,-1,-1,-1
474,88,1021.95,648.38,243.01,222.10,1,-1,-1,-1
474,87,1583.00,408.38,165.87,262.74,1,-1,-1,-1
474,83,1552.44,408.99,196.06,216.85,1,-1,-1,-1
475,88,1025.44,620.61,237.17,249.78,1,-1,-1,-1
475,87,1582.02,411.22,164.87,262.47,1,-1,-1,-1
475,83,1552.07,411.93,194.48,217.87,1,-1,-1,-1
476,88,1027.14,613.05,233.92,260.06,1,-1,-1,-1
476,87,1581.57,410.25,164.05,261.82,1,-1,-1,-1
476,83,1550.72,410.79,194.01,216.91,1,-1,-1,-1
477,88,1044.65,647.64,218.35,226.78,1,-1,-1,-1
477,87,1604.81,413.76,157.16,256.27,1,-1,-1,-1
477,83,1564.03,414.44,194.55,211.76,1,-1,-1,-1
478,88,1127.88,380.73,157.67,399.26,1,-1,-1,-1
479,88,1106.35,441.65,195.42,405.41,1,-1,-1,-1
480,89,1063.26,291.81,136.74,351.84,1,-1,-1,-1
480,88,1065.06,602.12,217.68,260.85,1,-1,-1,-1
481,89,1148.87,307.15,138.15,339.82,1,-1,-1,-1
481,88,1054.83,636.46,217.43,233.22,1,-1,-1,-1
482,88,1057.14,579.60,201.90,289.64,1,-1,-1,-1
483,88,1064.73,643.72,208.13,223.32,1,-1,-1,-1
484,88,1080.69,523.26,191.20,348.29,1,-1,-1,-1
485,88,986.69,410.87,165.21,480.89,1,-1,-1,-1
486,88,930.59,447.97,204.01,452.56,1,-1,-1,-1
489,89,1178.81,328.70,175.52,415.53,1,-1,-1,-1
490,89,1283.07,229.79,122.68,360.45,1,-1,-1,-1
493,89,1226.35,208.47,121.36,349.33,1,-1,-1,-1
494,89,1048.74,178.50,124.53,298.02,1,-1,-1,-1
495,89,1028.70,200.37,119.91,226.60,1,-1,-1,-1
496,89,1040.89,186.34,99.83,225.15,1,-1,-1,-1
497,89,1022.45,185.00,110.76,232.13,1,-1,-1,-1
499,89,974.80,252.96,124.88,211.43,1,-1,-1,-1
500,89,954.85,275.74,139.16,197.44,1,-1,-1,-1
501,89,996.04,191.18,83.49,239.93,1,-1,-1,-1
502,90,1115.05,194.54,143.40,293.83,1,-1,-1,-1
502,89,985.14,188.07,92.70,244.86,1,-1,-1,-1
503,89,921.58,236.31,110.11,203.53,1,-1,-1,-1
507,91,1036.11,672.31,214.68,221.68,1,-1,-1,-1
508,91,1034.20,671.27,216.91,223.65,1,-1,-1,-1
508,90,1235.05,223.00,94.82,327.07,1,-1,-1,-1
509,91,1031.59,589.56,214.95,307.36,1,-1,-1,-1
509,90,1130.37,211.18,129.00,332.17,1,-1,-1,-1
510,91,1065.61,402.98,175.31,495.24,1,-1,-1,-1
510,90,1102.16,219.82,151.66,300.99,1,-1,-1,-1
511,91,1185.70,385.93,147.65,479.24,1,-1,-1,-1
511,90,1099.60,263.95,161.24,227.21,1,-1,-1,-1
512,91,1268.88,341.23,161.22,443.68,1,-1,-1,-1
513,91,1185.46,323.02,179.18,443.15,1,-1,-1,-1
513,90,1095.83,207.19,151.52,266.37,1,-1,-1,-1
514,91,1028.41,240.99,210.47,373.16,1,-1,-1,-1
514,90,1049.84,219.28,180.53,288.85,1,-1,-1,-1
515,90,1080.78,211.40,125.15,291.19,1,-1,-1,-1
516,90,1125.23,197.16,121.73,306.12,1,-1,-1,-1
517,92,1363.27,266.06,140.46,402.47,1,-1,-1,-1
517,90,1249.44,194.61,99.07,325.41,1,-1,-1,-1
518,92,1381.05,264.33,139.21,399.65,1,-1,-1,-1
518,90,1270.98,233.50,114.34,290.82,1,-1,-1,-1
519,92,1376.69,274.87,132.62,389.41,1,-1,-1,-1
520,92,1385.76,300.48,130.43,370.13,1,-1,-1,-1
521,92,1340.24,460.96,151.80,231.48,1,-1,-1,-1
523,92,1326.50,488.84,173.45,204.87,1,-1,-1,-1
524,92,1331.07,505.42,169.51,190.30,1,-1,-1,-1
525,92,1331.43,504.53,167.75,189.71,1,-1,-1,-1
526,92,1327.39,506.57,170.29,188.23,1,-1,-1,-1
527,92,1327.72,494.97,170.41,200.01,1,-1,-1,-1
528,92,1328.85,499.04,169.81,196.33,1,-1,-1,-1
528,90,1292.81,350.13,169.11,240.19,1,-1,-1,-1
529,92,1336.37,504.20,158.59,191.21,1,-1,-1,-1
530,92,1332.78,506.86,161.92,187.87,1,-1,-1,-1
530,90,1371.99,278.62,118.04,271.93,1,-1,-1,-1
531,92,1320.51,492.07,172.71,201.29,1,-1,-1,-1
531,90,1323.10,229.04,102.99,297.07,1,-1,-1,-1
532,92,1336.92,420.07,186.55,317.46,1,-1,-1,-1
533,92,1226.23,465.13,189.45,244.43,1,-1,-1,-1
534,92,1263.49,405.75,203.61,307.88,1,-1,-1,-1
535,92,1337.37,402.30,161.34,366.24,1,-1,-1,-1
537,92,1411.77,396.85,152.24,265.13,1,-1,-1,-1
538,93,791.94,509.47,182.25,438.68,1,-1,-1,-1
538,92,1399.14,292.53,180.62,369.58,1,-1,-1,-1
539,93,953.87,469.50,178.83,504.14,1,-1,-1,-1
539,92,1403.73,287.07,131.14,380.56,1,-1,-1,-1
540,93,1157.83,404.77,171.91,505.01,1,-1,-1,-1
541,93,1104.82,379.27,201.51,477.62,1,-1,-1,-1
542,93,1095.61,378.65,192.77,474.46,1,-1,-1,-1
543,93,1099.95,380.32,206.13,474.81,1,-1,-1,-1
544,93,1093.05,380.82,204.40,474.17,1,-1,-1,-1
545,93,1158.36,359.58,200.59,489.50,1,-1,-1,-1
546,93,1368.44,295.31,157.28,424.28,1,-1,-1,-1
546,92,1392.89,290.40,140.16,388.07,1,-1,-1,-1
548,94,807.94,338.99,120.72,382.99,1,-1,-1,-1
548,95,1074.89,161.24,98.48,303.23,1,-1,-1,-1
550,94,798.80,370.54,168.26,352.40,1,-1,-1,-1
551,94,831.11,346.44,113.14,355.58,1,-1,-1,-1
556,94,1041.40,294.71,125.87,350.50,1,-1,-1,-1
557,94,1111.97,279.58,157.97,330.54,1,-1,-1,-1
559,94,1208.52,272.34,121.49,314.54,1,-1,-1,-1
561,94,1281.60,234.07,96.06,318.84,1,-1,-1,-1
561,95,1102.89,170.89,91.30,288.62,1,-1,-1,-1
562,95,1087.01,172.28,114.01,299.86,1,-1,-1,-1
563,95,1038.77,173.08,166.38,301.85,1,-1,-1,-1
564,95,1191.25,200.29,98.49,336.87,1,-1,-1,-1
566,93,1362.34,303.74,202.49,394.20,1,-1,-1,-1
567,93,1288.42,330.90,123.19,444.92,1,-1,-1,-1
568,93,1121.30,339.15,179.80,443.13,1,-1,-1,-1
569,93,1209.82,339.68,179.95,476.92,1,-1,-1,-1
570,96,794.18,341.57,123.27,434.19,1,-1,-1,-1
570,93,1228.23,364.79,215.02,465.68,1,-1,-1,-1
571,96,718.82,426.30,173.24,396.92,1,-1,-1,-1
571,93,1226.75,365.07,215.50,465.57,1,-1,-1,-1
572,96,853.75,494.12,177.30,541.64,1,-1,-1,-1
572,93,1240.24,394.08,158.08,489.25,1,-1,-1,-1
573,96,1090.68,405.73,161.24,486.43,1,-1,-1,-1
574,96,1140.90,481.63,171.50,520.88,1,-1,-1,-1
574,93,1220.17,323.00,157.06,477.79,1,-1,-1,-1
575,97,931.49,536.48,199.54,534.53,1,-1,-1,-1
575,96,1179.21,341.86,154.58,415.70,1,-1,-1,-1
576,97,924.98,493.53,276.44,548.04,1,-1,-1,-1
577,97,959.02,459.44,258.31,502.35,1,-1,-1,-1
578,97,905.43,466.50,262.47,507.42,1,-1,-1,-1
579,97,1059.71,505.59,250.08,524.72,1,-1,-1,-1
580,97,1268.55,410.16,231.74,468.03,1,-1,-1,-1
580,94,1323.19,311.89,123.01,222.31,1,-1,-1,-1
580,95,1323.01,313.39,122.93,216.01,1,-1,-1,-1
581,97,1487.51,326.42,187.06,401.44,1,-1,-1,-1
581,96,1415.17,313.75,113.30,384.09,1,-1,-1,-1
582,97,1555.38,356.85,114.01,353.00,1,-1,-1,-1
582,96,1535.83,384.28,137.84,306.66,1,-1,-1,-1
586,97,1530.86,297.14,139.99,370.76,1,-1,-1,-1
586,93,1296.80,291.32,129.05,408.21,1,-1,-1,-1
588,97,1560.29,292.98,128.12,371.25,1,-1,-1,-1
589,98,760.17,381.42,168.71,463.90,1,-1,-1,-1
590,93,1548.15,290.27,162.26,373.48,1,-1,-1,-1
592,99,1127.98,371.77,188.10,451.21,1,-1,-1,-1
592,98,804.10,383.78,161.33,317.32,1,-1,-1,-1
593,98,906.61,325.52,151.44,340.33,1,-1,-1,-1
594,100,259.52,530.12,363.82,519.69,1,-1,-1,-1
594,98,959.09,309.14,126.26,354.39,1,-1,-1,-1
596,99,1298.37,355.13,169.35,456.20,1,-1,-1,-1
596,98,1031.54,269.54,109.13,366.56,1,-1,-1,-1
597,99,1536.67,306.89,173.13,379.47,1,-1,-1,-1
597,98,1010.08,275.59,140.41,354.35,1,-1,-1,-1
598,98,1034.24,263.12,122.03,364.39,1,-1,-1,-1
599,98,1117.91,246.75,112.45,361.86,1,-1,-1,-1
600,98,1120.67,244.87,148.60,336.42,1,-1,-1,-1
601,98,1120.22,249.56,130.32,348.03,1,-1,-1,-1
602,101,1104.35,204.37,109.07,135.94,1,-1,-1,-1
602,98,1100.03,247.05,129.10,356.77,1,-1,-1,-1
603,101,1087.27,175.99,85.84,163.73,1,-1,-1,-1
603,98,1103.91,244.09,140.39,363.02,1,-1,-1,-1
609,98,1065.02,264.19,151.96,367.43,1,-1,-1,-1
610,98,1079.39,264.08,167.22,352.75,1,-1,-1,-1
611,98,1064.54,384.52,149.78,222.29,1,-1,-1,-1
612,98,1027.73,305.53,151.95,286.23,1,-1,-1,-1
615,102,1205.83,365.86,173.14,476.93,1,-1,-1,-1
616,102,1192.20,330.58,167.64,445.19,1,-1,-1,-1
617,102,1183.75,331.18,179.08,442.91,1,-1,-1,-1
618,102,1099.86,381.56,194.66,427.94,1,-1,-1,-1
619,102,1004.58,420.66,190.83,455.34,1,-1,-1,-1
620,102,1005.67,422.48,179.49,454.51,1,-1,-1,-1
621,102,1006.09,424.96,177.28,451.99,1,-1,-1,-1
622,102,1139.44,382.83,162.76,453.25,1,-1,-1,-1
623,102,1311.60,300.74,153.87,417.18,1,-1,-1,-1
624,102,1325.29,295.08,157.66,409.06,1,-1,-1,-1
625,102,1335.60,320.32,139.73,413.40,1,-1,-1,-1
626,102,1369.86,248.12,100.78,353.97,1,-1,-1,-1
628,98,1077.67,242.24,153.01,333.56,1,-1,-1,-1
629,98,993.38,237.09,105.49,362.21,1,-1,-1,-1
630,98,995.44,233.00,102.88,365.20,1,-1,-1,-1
631,98,943.61,253.48,154.66,362.39,1,-1,-1,-1
633,98,931.36,257.37,161.67,372.35,1,-1,-1,-1
636,98,1053.91,229.67,200.57,394.49,1,-1,-1,-1
637,98,1149.59,186.24,128.42,404.69,1,-1,-1,-1
638,98,1166.67,177.15,106.93,399.28,1,-1,-1,-1
639,98,1156.26,182.38,114.88,398.10,1,-1,-1,-1
640,98,1160.93,192.08,113.94,397.78,1,-1,-1,-1
641,98,1162.84,178.05,108.90,400.01,1,-1,-1,-1
642,98,1163.03,182.99,112.31,389.86,1,-1,-1,-1
643,98,1175.79,179.07,104.32,382.69,1,-1,-1,-1
644,98,1176.07,186.24,104.02,374.81,1,-1,-1,-1
645,98,1176.33,186.11,107.12,373.61,1,-1,-1,-1
646,98,1176.96,180.80,100.45,384.26,1,-1,-1,-1
647,98,1174.10,184.45,101.37,379.09,1,-1,-1,-1
648,98,1063.57,270.08,138.76,342.74,1,-1,-1,-1
649,98,875.53,299.73,151.38,381.37,1,-1,-1,-1
650,98,818.04,334.00,123.11,424.62,1,-1,-1,-1
651,98,781.44,357.63,157.44,402.22,1,-1,-1,-1
652,98,784.68,334.19,142.59,419.94,1,-1,-1,-1
654,98,754.08,338.83,184.86,426.91,1,-1,-1,-1
655,98,747.66,414.55,173.61,477.35,1,-1,-1,-1
656,98,986.42,457.37,149.56,488.23,1,-1,-1,-1
657,98,1190.58,359.67,218.73,480.85,1,-1,-1,-1
658,98,1119.50,286.48,207.43,495.01,1,-1,-1,-1
659,98,1116.29,278.12,201.54,502.78,1,-1,-1,-1
660,98,1093.38,294.51,194.23,546.38,1,-1,-1,-1
661,98,999.89,340.56,209.98,503.26,1,-1,-1,-1
662,98,996.38,408.66,202.00,433.96,1,-1,-1,-1
663,98,996.87,390.66,247.49,455.33,1,-1,-1,-1
664,98,1309.82,263.97,184.82,443.25,1,-1,-1,-1
665,98,1345.41,242.31,114.13,450.41,1,-1,-1,-1
666,98,1321.25,267.72,140.26,429.87,1,-1,-1,-1
667,98,1281.04,317.41,206.37,462.22,1,-1,-1,-1
668,98,1156.69,399.64,143.60,460.20,1,-1,-1,-1
669,98,889.25,443.85,161.74,481.49,1,-1,-1,-1
670,98,846.91,388.93,158.08,426.58,1,-1,-1,-1
671,98,812.42,390.64,186.31,449.59,1,-1,-1,-1
672,98,754.58,425.15,202.48,446.63,1,-1,-1,-1
673,98,733.34,441.59,216.80,430.80,1,-1,-1,-1
674,98,791.35,410.50,169.97,462.01,1,-1,-1,-1
675,98,816.08,405.81,171.21,428.46,1,-1,-1,-1
676,98,717.19,431.71,198.16,436.52,1,-1,-1,-1
677,98,553.57,490.76,255.78,435.89,1,-1,-1,-1
678,98,410.58,536.40,266.93,451.66,1,-1,-1,-1
679,98,353.93,579.48,261.78,437.10,1,-1,-1,-1
680,98,394.29,616.08,268.94,468.40,1,-1,-1,-1
704,103,1085.63,206.72,130.27,273.60,1,-1,-1,-1
705,103,1117.40,190.04,133.28,326.54,1,-1,-1,-1
706,104,1186.34,361.77,138.57,449.13,1,-1,-1,-1
706,103,1202.39,269.86,129.84,264.48,1,-1,-1,-1
707,104,1104.87,396.38,209.51,457.24,1,-1,-1,-1
708,105,527.89,595.25,346.25,475.10,1,-1,-1,-1
708,104,1050.85,361.95,154.57,454.06,1,-1,-1,-1
710,105,390.12,515.74,231.54,489.92,1,-1,-1,-1
710,104,1050.85,541.35,272.19,485.43,1,-1,-1,-1
711,105,492.05,439.59,159.99,493.71,1,-1,-1,-1
711,104,1053.74,550.39,257.25,525.92,1,-1,-1,-1
712,105,578.55,411.99,153.68,435.12,1,-1,-1,-1
712,104,942.53,617.80,315.08,455.81,1,-1,-1,-1
713,104,949.63,618.73,320.31,455.78,1,-1,-1,-1
714,105,643.68,374.01,151.79,430.38,1,-1,-1,-1
714,104,1067.25,556.20,284.32,528.34,1,-1,-1,-1
715,105,886.65,336.71,148.70,363.74,1,-1,-1,-1
715,104,1067.35,566.34,293.34,506.73,1,-1,-1,-1
716,104,1067.70,566.00,297.50,516.66,1,-1,-1,-1
716,103,1259.87,299.75,135.75,292.38,1,-1,-1,-1
717,106,1557.02,376.51,153.14,308.76,1,-1,-1,-1
717,104,1110.31,555.90,244.37,518.63,1,-1,-1,-1
717,103,1213.51,293.52,141.74,381.44,1,-1,-1,-1
718,106,1574.04,376.87,136.61,276.47,1,-1,-1,-1
718,104,1123.15,465.11,200.60,558.68,1,-1,-1,-1
718,103,1210.65,294.33,149.68,393.85,1,-1,-1,-1
719,106,1559.96,372.87,151.06,261.77,1,-1,-1,-1
719,104,1065.14,385.89,180.21,442.41,1,-1,-1,-1
719,103,1315.29,273.93,151.64,394.54,1,-1,-1,-1
720,106,1562.21,380.37,137.91,251.88,1,-1,-1,-1
720,103,1434.71,272.78,174.57,385.71,1,-1,-1,-1
721,105,937.13,300.00,141.59,379.17,1,-1,-1,-1
721,103,1554.11,377.74,149.69,354.94,1,-1,-1,-1
722,105,1125.78,244.60,109.97,391.90,1,-1,-1,-1
722,103,1534.43,359.98,127.21,342.09,1,-1,-1,-1
723,105,1193.49,241.18,137.32,372.81,1,-1,-1,-1
724,105,1170.98,198.78,126.38,330.91,1,-1,-1,-1
725,107,947.75,164.69,92.54,273.60,1,-1,-1,-1
736,108,718.51,378.29,167.41,367.70,1,-1,-1,-1
737,108,738.02,361.92,150.71,374.83,1,-1,-1,-1
749,109,972.65,177.32,95.61,247.50,1,-1,-1,-1
749,108,725.70,402.88,195.22,350.48,1,-1,-1,-1
750,108,678.08,352.86,232.52,343.04,1,-1,-1,-1
751,110,1563.85,303.67,153.61,342.35,1,-1,-1,-1
751,108,824.76,338.35,197.83,357.33,1,-1,-1,-1
752,111,900.54,579.47,268.48,490.46,1,-1,-1,-1
753,110,1643.71,415.79,130.93,224.95,1,-1,-1,-1
754,110,1632.00,423.93,155.36,216.96,1,-1,-1,-1
755,110,1647.38,409.63,113.03,210.37,1,-1,-1,-1
756,110,1649.28,412.49,120.12,219.67,1,-1,-1,-1
757,110,1648.36,412.94,115.83,221.13,1,-1,-1,-1
758,110,1649.25,418.15,118.18,222.57,1,-1,-1,-1
759,110,1622.73,416.40,125.84,261.62,1,-1,-1,-1
760,110,1613.15,414.89,144.22,261.31,1,-1,-1,-1
761,110,1438.10,336.92,168.37,338.47,1,-1,-1,-1
762,110,1262.21,337.21,159.37,361.55,1,-1,-1,-1
773,112,1059.61,792.37,222.31,285.51,1,-1,-1,-1
775,112,974.29,950.05,280.67,133.40,1,-1,-1,-1
776,112,958.61,948.08,299.02,129.21,1,-1,-1,-1
777,112,956.80,941.14,301.65,136.06,1,-1,-1,-1
778,112,959.88,884.04,344.33,177.56,1,-1,-1,-1
779,113,903.03,529.62,182.88,446.51,1,-1,-1,-1
779,110,1120.16,417.94,166.85,469.63,1,-1,-1,-1
780,114,797.20,425.73,192.34,362.55,1,-1,-1,-1
782,114,766.60,418.50,145.91,408.28,1,-1,-1,-1
782,110,1026.32,485.97,163.91,502.05,1,-1,-1,-1
783,114,780.57,398.98,146.36,391.85,1,-1,-1,-1
785,110,1067.07,456.61,136.88,509.79,1,-1,-1,-1
786,114,696.45,371.78,159.09,409.63,1,-1,-1,-1
786,110,1111.21,463.30,149.49,503.78,1,-1,-1,-1
788,114,775.09,411.59,190.76,353.84,1,-1,-1,-1
789,114,789.48,340.28,168.53,400.13,1,-1,-1,-1
789,110,1095.02,404.85,160.23,499.50,1,-1,-1,-1
790,110,1140.18,342.83,162.34,456.88,1,-1,-1,-1
791,110,1333.76,298.00,137.33,405.50,1,-1,-1,-1
792,110,1544.18,299.31,123.36,361.49,1,-1,-1,-1
793,110,1654.95,417.34,122.10,249.19,1,-1,-1,-1
794,110,1649.54,417.90,121.77,251.64,1,-1,-1,-1
795,110,1639.49,418.75,127.26,246.06,1,-1,-1,-1
796,114,792.26,409.69,190.91,394.69,1,-1,-1,-1
796,110,1641.64,428.68,127.58,243.30,1,-1,-1,-1
797,114,727.12,376.73,157.13,408.16,1,-1,-1,-1
797,110,1640.65,429.90,130.14,243.01,1,-1,-1,-1
800,114,685.01,425.49,187.44,365.78,1,-1,-1,-1
800,110,1637.38,431.68,131.71,240.58,1,-1,-1,-1
801,114,732.38,436.98,156.61,347.72,1,-1,-1,-1
802,114,779.63,469.64,186.71,336.03,1,-1,-1,-1
802,110,1643.58,433.11,134.10,222.78,1,-1,-1,-1
803,114,739.38,425.24,222.01,378.00,1,-1,-1,-1
803,110,1646.44,426.67,110.13,216.76,1,-1,-1,-1
804,114,859.25,342.49,134.44,393.94,1,-1,-1,-1
804,110,1650.24,422.73,108.28,205.84,1,-1,-1,-1
806,110,1638.82,431.77,116.71,214.11,1,-1,-1,-1
807,110,1635.28,432.37,142.23,238.86,1,-1,-1,-1
808,114,812.40,393.54,131.71,262.13,1,-1,-1,-1
808,110,1621.56,431.57,143.21,237.00,1,-1,-1,-1
809,114,740.43,371.73,137.52,270.43,1,-1,-1,-1
809,110,1619.87,433.92,146.83,233.56,1,-1,-1,-1
810,110,1619.66,431.74,147.67,239.82,1,-1,-1,-1
811,114,904.88,344.77,181.57,278.72,1,-1,-1,-1
811,110,1619.84,435.49,146.93,236.16,1,-1,-1,-1
812,110,1617.57,440.09,149.89,230.22,1,-1,-1,-1
813,110,1616.54,439.83,150.84,231.64,1,-1,-1,-1
814,115,744.19,420.26,176.83,179.48,1,-1,-1,-1
814,110,1624.71,439.29,142.92,236.12,1,-1,-1,-1
815,110,1623.70,438.16,144.02,236.97,1,-1,-1,-1
816,116,988.82,197.98,109.33,214.21,1,-1,-1,-1
816,110,1622.93,438.95,144.92,233.14,1,-1,-1,-1
817,115,917.52,353.05,140.02,268.22,1,-1,-1,-1
817,110,1624.37,440.90,144.54,231.38,1,-1,-1,-1
818,110,1644.06,415.61,152.07,262.24,1,-1,-1,-1
819,110,1628.16,436.89,135.73,241.25,1,-1,-1,-1
820,110,1626.94,437.27,136.38,236.20,1,-1,-1,-1
821,110,1622.00,436.62,140.11,235.36,1,-1,-1,-1
822,110,1619.31,437.31,143.57,233.72,1,-1,-1,-1
823,110,1617.47,437.91,143.59,234.75,1,-1,-1,-1
824,110,1615.07,435.99,145.36,235.86,1,-1,-1,-1
825,110,1635.26,438.06,135.48,229.05,1,-1,-1,-1
826,117,1817.65,501.01,102.15,140.92,1,-1,-1,-1
826,110,1623.86,431.78,141.20,241.50,1,-1,-1,-1
827,117,1815.49,496.00,104.68,149.59,1,-1,-1,-1
827,110,1615.97,422.90,146.94,251.91,1,-1,-1,-1
828,117,1822.49,493.83,97.62,149.77,1,-1,-1,-1
828,110,1628.99,431.08,134.46,238.33,1,-1,-1,-1
829,117,1815.12,490.39,104.27,155.15,1,-1,-1,-1
829,110,1640.13,430.45,127.37,234.86,1,-1,-1,-1
830,117,1807.37,486.37,109.89,164.06,1,-1,-1,-1
830,110,1626.17,419.68,143.49,239.01,1,-1,-1,-1
831,117,1806.78,488.92,111.77,167.31,1,-1,-1,-1
831,110,1638.86,412.96,127.94,225.38,1,-1,-1,-1
832,117,1805.05,487.30,114.53,173.54,1,-1,-1,-1
832,110,1629.72,413.64,135.21,221.91,1,-1,-1,-1
833,117,1805.45,488.15,114.41,179.51,1,-1,-1,-1
833,115,971.49,425.35,189.86,426.16,1,-1,-1,-1
833,110,1595.51,412.45,171.96,242.58,1,-1,-1,-1
834,118,1536.31,265.09,148.69,378.25,1,-1,-1,-1
834,117,1809.23,490.57,110.81,185.41,1,-1,-1,-1
835,119,877.58,350.16,89.83,92.10,1,-1,-1,-1
835,118,1536.55,281.48,163.61,370.68,1,-1,-1,-1
835,117,1798.94,488.69,120.85,189.24,1,-1,-1,-1
836,119,930.72,335.44,102.81,114.50,1,-1,-1,-1
836,118,1606.94,419.57,174.36,234.26,1,-1,-1,-1
837,118,1637.63,425.11,123.22,252.53,1,-1,-1,-1
837,117,1821.82,500.58,98.15,178.06,1,-1,-1,-1
838,118,1640.75,427.88,124.12,251.52,1,-1,-1,-1
838,117,1822.22,491.66,98.87,177.98,1,-1,-1,-1
839,118,1636.49,429.83,133.18,248.04,1,-1,-1,-1
840,118,1626.26,434.43,139.27,244.14,1,-1,-1,-1
840,117,1825.13,504.85,94.92,169.63,1,-1,-1,-1
841,118,1622.62,433.22,146.33,246.04,1,-1,-1,-1
841,117,1824.44,505.36,95.76,170.68,1,-1,-1,-1
842,118,1622.46,437.76,147.44,239.45,1,-1,-1,-1
842,117,1825.88,504.96,94.09,168.92,1,-1,-1,-1
843,118,1617.11,437.46,146.54,237.87,1,-1,-1,-1
843,117,1822.96,505.26,97.42,169.86,1,-1,-1,-1
844,118,1608.09,426.08,149.07,250.28,1,-1,-1,-1
844,117,1825.11,503.92,94.94,168.76,1,-1,-1,-1
845,118,1637.83,429.12,119.87,249.87,1,-1,-1,-1
845,117,1826.16,503.76,93.48,168.38,1,-1,-1,-1
846,118,1647.46,426.76,123.01,237.61,1,-1,-1,-1
846,117,1826.62,503.49,93.65,169.76,1,-1,-1,-1
848,117,1825.20,503.28,95.87,167.25,1,-1,-1,-1
851,120,426.99,462.38,204.87,426.25,1,-1,-1,-1
852,120,471.16,360.21,158.46,561.35,1,-1,-1,-1
853,120,446.84,373.18,177.94,546.16,1,-1,-1,-1
853,117,1817.71,504.84,104.90,164.76,1,-1,-1,-1
854,120,432.60,354.41,187.32,571.71,1,-1,-1,-1
854,118,1635.56,429.23,122.69,235.18,1,-1,-1,-1
854,117,1812.78,502.02,107.42,166.83,1,-1,-1,-1
855,120,447.12,353.52,159.16,586.06,1,-1,-1,-1
855,118,1635.43,438.32,121.66,230.17,1,-1,-1,-1
855,117,1813.00,501.97,106.61,166.97,1,-1,-1,-1
856,120,453.29,491.67,243.48,526.84,1,-1,-1,-1
856,118,1618.70,432.76,138.91,233.30,1,-1,-1,-1
856,117,1813.21,504.98,107.07,167.36,1,-1,-1,-1
857,118,1614.41,436.06,143.16,235.43,1,-1,-1,-1
857,117,1813.46,502.51,106.76,171.84,1,-1,-1,-1
858,120,526.72,539.59,263.04,513.41,1,-1,-1,-1
858,118,1613.50,434.25,144.94,236.64,1,-1,-1,-1
858,117,1812.14,501.94,107.76,174.31,1,-1,-1,-1
859,120,586.40,523.79,244.88,530.25,1,-1,-1,-1
859,118,1614.02,437.81,144.72,234.41,1,-1,-1,-1
859,117,1814.43,502.87,105.57,175.38,1,-1,-1,-1
860,118,1613.67,438.67,145.02,235.69,1,-1,-1,-1
860,117,1815.32,502.64,104.87,174.35,1,-1,-1,-1
861,120,680.79,556.43,234.75,476.30,1,-1,-1,-1
861,118,1609.93,435.66,147.26,237.28,1,-1,-1,-1
862,120,661.44,503.17,217.57,509.14,1,-1,-1,-1
862,118,1604.15,435.50,146.23,236.48,1,-1,-1,-1
862,117,1818.37,504.93,101.94,170.76,1,-1,-1,-1
863,120,584.61,580.88,273.79,462.61,1,-1,-1,-1
863,118,1609.96,435.06,140.61,235.69,1,-1,-1,-1
863,117,1818.11,504.92,101.62,169.81,1,-1,-1,-1
864,120,443.31,535.40,305.68,497.56,1,-1,-1,-1
864,118,1608.03,434.97,141.28,237.18,1,-1,-1,-1
865,120,408.14,357.10,286.94,622.25,1,-1,-1,-1
865,118,1626.84,428.33,123.30,243.54,1,-1,-1,-1
866,120,408.72,347.36,284.48,627.76,1,-1,-1,-1
866,118,1631.37,428.45,118.58,244.08,1,-1,-1,-1
867,120,461.92,451.82,179.32,473.21,1,-1,-1,-1
867,118,1577.75,366.96,158.00,300.44,1,-1,-1,-1
868,118,1494.89,265.35,178.18,382.28,1,-1,-1,-1
869,118,1538.99,263.31,136.33,391.28,1,-1,-1,-1
869,117,1817.53,498.68,102.31,172.46,1,-1,-1,-1
871,118,1622.68,437.51,126.17,250.32,1,-1,-1,-1
872,118,1606.93,434.39,145.49,241.32,1,-1,-1,-1
873,118,1606.10,433.74,146.09,234.48,1,-1,-1,-1
874,118,1606.04,434.16,147.10,237.73,1,-1,-1,-1
875,118,1627.75,433.84,125.78,242.18,1,-1,-1,-1
876,118,1637.21,429.74,118.79,235.38,1,-1,-1,-1
877,118,1622.04,424.53,131.49,234.86,1,-1,-1,-1
877,117,1788.99,490.79,125.52,178.27,1,-1,-1,-1
878,118,1623.48,427.97,123.58,204.61,1,-1,-1,-1
879,118,1629.90,437.17,129.47,216.74,1,-1,-1,-1
880,118,1632.87,440.55,132.61,219.63,1,-1,-1,-1
884,118,1640.43,434.29,130.77,205.24,1,-1,-1,-1
884,117,1771.74,489.84,135.83,179.12,1,-1,-1,-1
885,118,1611.80,409.56,122.62,267.63,1,-1,-1,-1
885,117,1766.72,494.47,147.17,190.54,1,-1,-1,-1
886,118,1604.85,408.02,128.49,274.17,1,-1,-1,-1
886,117,1750.55,496.75,149.87,191.21,1,-1,-1,-1
887,121,979.26,555.32,210.97,521.57,1,-1,-1,-1
887,118,1630.43,422.43,127.20,260.80,1,-1,-1,-1
887,117,1749.62,496.31,143.81,190.95,1,-1,-1,-1
888,118,1634.79,433.97,145.61,240.18,1,-1,-1,-1
888,117,1748.94,496.23,140.72,183.93,1,-1,-1,-1
889,118,1634.96,424.48,131.11,240.69,1,-1,-1,-1
889,117,1751.66,495.52,136.77,185.56,1,-1,-1,-1
890,118,1634.02,423.12,125.07,245.67,1,-1,-1,-1
890,117,1752.21,497.38,135.52,191.22,1,-1,-1,-1
891,118,1635.61,422.42,123.10,250.88,1,-1,-1,-1
891,117,1750.98,497.63,136.89,197.94,1,-1,-1,-1
892,118,1636.34,423.70,122.23,249.73,1,-1,-1,-1
892,117,1751.69,497.13,135.31,200.90,1,-1,-1,-1
893,118,1636.75,421.72,123.13,243.33,1,-1,-1,-1
893,117,1765.86,487.45,132.66,201.27,1,-1,-1,-1
894,118,1636.17,423.89,124.57,252.07,1,-1,-1,-1
895,118,1635.64,426.32,128.01,249.52,1,-1,-1,-1
896,118,1635.33,426.31,130.48,258.07,1,-1,-1,-1
896,117,1750.42,478.98,142.04,201.74,1,-1,-1,-1
897,122,1387.41,384.90,199.64,251.95,1,-1,-1,-1
897,118,1634.13,427.25,133.26,255.08,1,-1,-1,-1
897,117,1732.98,470.87,136.01,205.07,1,-1,-1,-1
898,118,1639.28,434.64,132.90,246.36,1,-1,-1,-1
900,122,1497.41,411.43,233.88,259.76,1,-1,-1,-1
901,117,1734.84,471.79,138.27,219.56,1,-1,-1,-1
902,122,1607.42,423.36,143.98,250.44,1,-1,-1,-1
902,117,1740.91,474.38,138.66,232.82,1,-1,-1,-1
903,123,1060.93,192.71,110.50,301.28,1,-1,-1,-1
903,122,1612.07,414.79,138.44,261.44,1,-1,-1,-1
903,117,1741.06,475.51,140.33,244.50,1,-1,-1,-1
904,122,1634.21,424.68,116.70,253.27,1,-1,-1,-1
904,117,1741.85,474.46,138.11,251.08,1,-1,-1,-1
905,123,902.27,181.91,112.74,285.90,1,-1,-1,-1
905,122,1642.33,432.10,124.41,250.95,1,-1,-1,-1
905,118,1641.58,432.34,130.32,248.67,1,-1,-1,-1
905,117,1737.00,474.66,139.21,250.94,1,-1,-1,-1
906,122,1643.37,427.85,128.77,251.02,1,-1,-1,-1
906,118,1643.14,427.99,129.95,249.00,1,-1,-1,-1
906,117,1728.09,474.11,145.37,252.12,1,-1,-1,-1
908,122,1643.41,426.31,128.19,247.69,1,-1,-1,-1
908,117,1744.03,472.05,149.95,245.91,1,-1,-1,-1
909,123,801.50,275.53,148.99,210.87,1,-1,-1,-1
909,122,1641.81,410.88,122.42,230.86,1,-1,-1,-1
909,118,1641.51,410.72,123.63,233.58,1,-1,-1,-1
910,123,674.14,265.01,199.06,217.06,1,-1,-1,-1
910,122,1640.18,405.60,116.05,226.02,1,-1,-1,-1
910,118,1640.16,405.57,116.55,227.93,1,-1,-1,-1
910,117,1738.10,470.49,155.44,238.47,1,-1,-1,-1
911,122,1648.95,430.09,134.65,213.75,1,-1,-1,-1
911,118,1648.95,430.27,134.76,216.27,1,-1,-1,-1
911,117,1750.27,484.26,146.59,222.69,1,-1,-1,-1
912,122,1637.88,433.50,135.65,230.60,1,-1,-1,-1
912,118,1637.72,433.31,135.91,232.86,1,-1,-1,-1
912,117,1747.57,487.35,146.00,230.59,1,-1,-1,-1
913,122,1641.96,439.54,130.89,230.26,1,-1,-1,-1
913,118,1641.96,438.80,131.07,234.49,1,-1,-1,-1
913,117,1739.67,481.30,152.66,240.53,1,-1,-1,-1
914,122,1643.35,441.15,129.07,222.90,1,-1,-1,-1
914,118,1642.92,440.21,129.73,231.34,1,-1,-1,-1
914,117,1741.87,478.20,157.28,238.40,1,-1,-1,-1
915,122,1647.90,413.48,130.91,228.91,1,-1,-1,-1
915,118,1647.46,412.92,131.04,234.88,1,-1,-1,-1
916,122,1645.64,419.46,125.85,259.04,1,-1,-1,-1
916,118,1645.37,418.05,126.36,264.60,1,-1,-1,-1
916,117,1731.96,477.71,159.95,241.23,1,-1,-1,-1
917,122,1642.56,427.90,128.02,253.08,1,-1,-1,-1
918,122,1631.49,433.81,141.74,245.52,1,-1,-1,-1
918,118,1629.01,433.94,145.15,249.60,1,-1,-1,-1
918,117,1718.40,485.07,166.40,244.83,1,-1,-1,-1
919,122,1637.55,434.94,137.77,244.08,1,-1,-1,-1
919,118,1632.59,435.21,141.97,246.04,1,-1,-1,-1
919,117,1715.93,480.03,177.98,251.97,1,-1,-1,-1
920,122,1640.95,434.85,135.10,240.11,1,-1,-1,-1
920,118,1634.18,434.58,140.36,243.19,1,-1,-1,-1
920,117,1733.51,486.10,171.53,239.00,1,-1,-1,-1
921,118,1640.61,435.34,134.75,240.21,1,-1,-1,-1
921,117,1757.47,482.95,150.20,228.84,1,-1,-1,-1
922,118,1638.77,435.54,134.45,243.47,1,-1,-1,-1
922,117,1765.34,481.91,140.86,221.78,1,-1,-1,-1
923,118,1643.30,422.62,149.95,255.30,1,-1,-1,-1
923,117,1769.23,481.90,138.67,214.98,1,-1,-1,-1
924,118,1639.17,414.77,139.38,253.84,1,-1,-1,-1
924,117,1717.92,475.67,163.17,227.24,1,-1,-1,-1
925,118,1611.89,399.98,126.55,281.64,1,-1,-1,-1
926,118,1637.21,417.03,121.02,265.85,1,-1,-1,-1
926,117,1763.44,489.74,154.27,218.79,1,-1,-1,-1
927,118,1628.81,411.73,123.01,270.27,1,-1,-1,-1
928,124,1100.91,430.75,149.89,474.91,1,-1,-1,-1
928,118,1619.50,409.38,134.01,270.68,1,-1,-1,-1
929,124,1117.86,389.05,193.53,484.40,1,-1,-1,-1
929,118,1636.80,419.62,120.38,261.71,1,-1,-1,-1
930,124,1272.62,326.28,152.29,431.52,1,-1,-1,-1
930,118,1705.74,420.31,170.83,259.71,1,-1,-1,-1
931,124,1300.79,326.93,189.80,419.99,1,-1,-1,-1
932,124,1307.45,357.94,203.69,389.65,1,-1,-1,-1
932,122,1631.59,423.35,135.98,260.42,1,-1,-1,-1
933,124,1306.87,328.54,189.49,418.39,1,-1,-1,-1
934,124,1307.32,340.66,191.85,407.13,1,-1,-1,-1
935,125,1454.24,309.79,99.18,211.58,1,-1,-1,-1
935,124,1307.16,349.57,203.63,399.57,1,-1,-1,-1
936,125,1427.05,307.63,127.19,180.05,1,-1,-1,-1
936,124,1306.91,370.00,213.45,378.02,1,-1,-1,-1
937,125,1385.38,280.79,119.78,167.64,1,-1,-1,-1
937,124,1308.03,377.47,243.84,374.98,1,-1,-1,-1
938,125,1493.88,277.90,113.84,166.17,1,-1,-1,-1
938,124,1338.48,331.22,172.81,424.47,1,-1,-1,-1
938,122,1521.58,344.73,129.04,324.86,1,-1,-1,-1
939,124,1407.76,337.02,166.54,444.60,1,-1,-1,-1
939,122,1529.29,307.80,130.74,368.22,1,-1,-1,-1
940,124,1560.58,297.30,145.30,382.24,1,-1,-1,-1
940,122,1575.17,295.47,132.77,362.61,1,-1,-1,-1
941,124,1627.59,408.17,154.04,259.01,1,-1,-1,-1
946,124,1642.60,409.69,119.32,253.90,1,-1,-1,-1
948,126,1095.80,364.55,178.91,477.74,1,-1,-1,-1
948,124,1629.97,406.42,121.78,262.50,1,-1,-1,-1
949,126,1270.34,332.00,197.83,385.22,1,-1,-1,-1
950,126,1186.19,315.31,178.30,400.20,1,-1,-1,-1
951,124,1649.69,411.53,119.20,241.44,1,-1,-1,-1
952,126,1097.40,329.11,135.55,438.94,1,-1,-1,-1
953,126,1228.82,244.18,107.66,374.98,1,-1,-1,-1
953,124,1634.92,408.51,133.53,236.24,1,-1,-1,-1
954,126,1197.55,256.94,102.39,358.27,1,-1,-1,-1
954,124,1618.50,400.57,143.19,265.24,1,-1,-1,-1
955,126,1153.39,265.08,148.58,378.92,1,-1,-1,-1
956,126,998.85,294.42,197.16,370.18,1,-1,-1,-1
956,124,1642.66,403.24,122.48,253.34,1,-1,-1,-1
957,126,1152.20,271.10,136.96,404.52,1,-1,-1,-1
958,126,1382.60,279.39,197.83,374.59,1,-1,-1,-1
958,124,1640.84,404.87,121.82,252.62,1,-1,-1,-1
962,126,1655.23,411.99,131.03,236.21,1,-1,-1,-1
962,124,1656.46,408.03,131.18,247.33,1,-1,-1,-1
963,126,1656.15,418.15,137.49,222.33,1,-1,-1,-1
963,124,1654.19,418.82,139.26,239.59,1,-1,-1,-1
964,126,1654.26,418.33,139.71,212.30,1,-1,-1,-1
964,124,1651.95,419.37,141.59,239.97,1,-1,-1,-1
966,126,1646.59,407.62,120.61,211.94,1,-1,-1,-1
966,124,1647.62,407.76,120.64,236.73,1,-1,-1,-1
968,126,1649.82,406.57,116.27,212.64,1,-1,-1,-1
968,124,1649.24,406.96,117.98,238.25,1,-1,-1,-1
969,126,1643.86,404.35,120.15,217.40,1,-1,-1,-1
969,124,1643.69,405.25,123.12,240.38,1,-1,-1,-1
970,126,1628.75,396.34,131.93,231.94,1,-1,-1,-1
970,124,1618.20,395.97,144.06,265.77,1,-1,-1,-1
971,126,1633.10,404.40,120.58,225.47,1,-1,-1,-1
971,124,1627.16,404.18,129.01,255.09,1,-1,-1,-1
972,126,1635.24,406.14,119.84,227.05,1,-1,-1,-1
973,126,1635.06,406.38,120.67,229.72,1,-1,-1,-1
974,126,1635.05,407.21,121.55,229.72,1,-1,-1,-1
975,127,1054.93,408.68,183.99,210.23,1,-1,-1,-1
975,126,1634.37,399.60,120.10,234.00,1,-1,-1,-1
976,126,1629.03,399.35,116.58,238.70,1,-1,-1,-1
976,124,1628.88,400.16,116.58,253.35,1,-1,-1,-1
977,127,1060.46,405.39,179.93,213.49,1,-1,-1,-1
977,126,1636.54,404.08,116.19,236.32,1,-1,-1,-1
977,124,1637.05,404.24,114.66,241.03,1,-1,-1,-1
978,127,1058.05,412.44,155.98,203.71,1,-1,-1,-1
978,126,1630.21,399.17,117.21,232.05,1,-1,-1,-1
978,124,1631.59,399.71,114.68,229.81,1,-1,-1,-1
979,126,1632.81,408.68,121.28,230.11,1,-1,-1,-1
979,124,1633.26,408.39,120.04,226.88,1,-1,-1,-1
980,127,1038.12,358.58,180.68,256.11,1,-1,-1,-1
980,126,1636.74,411.01,119.51,224.27,1,-1,-1,-1
980,124,1637.08,410.10,118.83,219.63,1,-1,-1,-1
981,127,1120.44,294.73,148.30,310.76,1,-1,-1,-1
981,126,1627.10,405.52,130.42,218.68,1,-1,-1,-1
982,126,1634.13,411.74,127.71,220.95,1,-1,-1,-1
982,124,1635.00,411.79,125.80,220.10,1,-1,-1,-1
983,126,1628.99,403.44,118.39,223.96,1,-1,-1,-1
984,126,1623.79,407.85,134.28,257.43,1,-1,-1,-1
985,126,1605.76,407.37,143.62,259.64,1,-1,-1,-1
986,126,1618.97,408.85,132.70,259.79,1,-1,-1,-1
987,126,1616.65,410.89,135.72,255.65,1,-1,-1,-1
988,126,1620.90,413.46,133.91,244.92,1,-1,-1,-1
988,124,1625.06,412.93,130.95,215.61,1,-1,-1,-1
989,127,1157.23,272.67,127.47,336.10,1,-1,-1,-1
989,126,1619.61,409.45,133.57,257.84,1,-1,-1,-1
989,124,1621.77,411.31,130.85,228.15,1,-1,-1,-1
990,127,1118.51,281.50,143.26,320.03,1,-1,-1,-1
990,126,1624.01,412.70,128.34,257.74,1,-1,-1,-1
990,124,1626.06,414.46,124.20,235.33,1,-1,-1,-1
991,126,1620.47,409.32,133.44,259.27,1,-1,-1,-1
992,127,1061.66,276.65,155.99,380.31,1,-1,-1,-1
992,126,1616.64,410.30,134.44,257.18,1,-1,-1,-1
993,127,1191.39,254.81,152.52,379.11,1,-1,-1,-1
993,126,1627.95,411.11,131.36,261.11,1,-1,-1,-1
994,127,1270.08,253.84,107.71,370.70,1,-1,-1,-1
994,126,1626.08,410.60,133.79,255.93,1,-1,-1,-1
994,124,1630.78,412.36,125.34,226.14,1,-1,-1,-1
995,127,1303.10,245.61,133.26,377.00,1,-1,-1,-1
995,126,1631.19,413.11,125.11,254.27,1,-1,-1,-1
996,127,1365.08,317.71,231.58,331.15,1,-1,-1,-1
996,126,1637.96,420.62,124.62,244.32,1,-1,-1,-1
997,127,1414.11,284.49,156.90,366.86,1,-1,-1,-1
997,126,1638.81,416.69,118.47,253.67,1,-1,-1,-1
998,127,1428.24,287.46,144.52,364.00,1,-1,-1,-1
998,126,1640.13,419.62,115.06,240.82,1,-1,-1,-1
998,124,1639.79,418.01,115.46,213.36,1,-1,-1,-1
999,127,1422.04,284.17,149.41,367.06,1,-1,-1,-1
999,126,1641.29,419.61,115.36,240.25,1,-1,-1,-1
999,124,1641.19,418.99,114.88,210.29,1,-1,-1,-1
1000,127,1433.46,290.67,147.40,360.58,1,-1,-1,-1
1000,126,1639.43,421.93,117.94,233.54,1,-1,-1,-1
1000,124,1640.07,422.44,116.57,208.47,1,-1,-1,-1
1001,127,1433.21,291.54,147.06,360.39,1,-1,-1,-1
1001,126,1636.80,422.85,121.95,233.50,1,-1,-1,-1
1001,124,1637.41,423.73,120.02,210.01,1,-1,-1,-1
