1,143,1405.68,670.96,256.77,309.43,1,-1,-1,-1
2,143,1402.13,672.87,260.50,310.37,1,-1,-1,-1
3,143,1403.75,660.77,256.91,318.24,1,-1,-1,-1
4,143,1408.75,671.32,260.09,314.02,1,-1,-1,-1
5,143,1406.97,671.71,257.48,312.20,1,-1,-1,-1
6,143,1408.50,671.26,257.16,312.45,1,-1,-1,-1
7,143,1407.81,671.78,257.58,310.85,1,-1,-1,-1
12,143,1404.54,666.86,259.40,313.61,1,-1,-1,-1
18,143,1408.96,673.00,258.06,307.05,1,-1,-1,-1
19,143,1408.13,672.94,259.17,307.88,1,-1,-1,-1
20,143,1412.65,673.78,255.32,304.56,1,-1,-1,-1
21,143,1410.70,674.84,254.10,303.90,1,-1,-1,-1
23,143,1439.83,684.31,233.17,283.66,1,-1,-1,-1
24,143,1433.90,680.81,232.69,284.80,1,-1,-1,-1
29,143,1440.46,676.98,234.46,288.64,1,-1,-1,-1
30,143,1448.87,708.54,284.91,271.71,1,-1,-1,-1
31,143,1452.71,679.20,227.82,303.94,1,-1,-1,-1
32,143,1419.53,660.68,237.95,304.11,1,-1,-1,-1
33,143,1408.56,660.20,248.13,303.71,1,-1,-1,-1
34,143,1411.30,660.99,245.99,301.66,1,-1,-1,-1
35,143,1413.18,659.89,243.25,302.53,1,-1,-1,-1
36,143,1424.55,660.32,234.61,299.86,1,-1,-1,-1
37,143,1426.61,662.12,236.65,298.62,1,-1,-1,-1
38,143,1449.02,660.92,219.38,292.69,1,-1,-1,-1
39,143,1460.71,661.04,206.52,288.08,1,-1,-1,-1
41,143,1472.52,663.69,198.10,286.67,1,-1,-1,-1
42,143,1460.24,664.51,201.96,289.99,1,-1,-1,-1
43,143,1482.03,664.75,188.03,288.06,1,-1,-1,-1
46,143,1490.67,665.18,176.30,284.86,1,-1,-1,-1
47,143,1489.03,664.99,176.55,288.06,1,-1,-1,-1
48,143,1485.90,666.14,179.15,289.64,1,-1,-1,-1
50,143,1467.18,688.64,188.22,287.28,1,-1,-1,-1
51,143,1456.75,682.35,216.61,292.18,1,-1,-1,-1
55,143,1425.73,650.11,270.06,315.37,1,-1,-1,-1
56,143,1441.56,665.30,273.09,308.23,1,-1,-1,-1
57,144,1655.44,375.22,146.59,285.58,1,-1,-1,-1
57,143,1471.02,669.88,244.15,282.74,1,-1,-1,-1
58,144,1643.33,366.56,147.81,242.53,1,-1,-1,-1
58,143,1485.69,673.68,228.04,266.65,1,-1,-1,-1
59,144,1596.27,318.75,121.09,220.32,1,-1,-1,-1
59,143,1491.43,683.47,220.12,244.59,1,-1,-1,-1
60,143,1427.71,701.48,282.27,269.88,1,-1,-1,-1
61,145,942.85,335.81,188.14,446.39,1,-1,-1,-1
61,143,1429.43,693.89,267.97,266.70,1,-1,-1,-1
62,145,1186.82,106.77,134.67,401.58,1,-1,-1,-1
62,143,1439.90,645.04,308.38,327.81,1,-1,-1,-1
63,145,1273.93,46.07,122.85,318.95,1,-1,-1,-1
63,143,1452.92,630.76,309.36,324.73,1,-1,-1,-1
64,145,1450.60,-1.12,108.90,158.95,1,-1,-1,-1
64,143,1453.92,633.34,308.95,320.02,1,-1,-1,-1
65,143,1453.39,652.32,280.43,302.92,1,-1,-1,-1
66,143,1457.82,683.51,239.32,288.54,1,-1,-1,-1
67,145,1590.14,-1.01,97.82,98.66,1,-1,-1,-1
67,143,1476.81,696.44,206.58,280.68,1,-1,-1,-1
68,143,1484.37,700.80,187.88,266.13,1,-1,-1,-1
69,146,463.73,-0.84,124.38,197.41,1,-1,-1,-1
69,143,1469.50,686.21,193.73,276.89,1,-1,-1,-1
70,146,633.62,-4.71,118.55,191.69,1,-1,-1,-1
70,143,1486.89,717.89,194.69,257.66,1,-1,-1,-1
71,146,654.21,-3.10,100.13,186.53,1,-1,-1,-1
72,146,662.28,-3.13,94.17,186.68,1,-1,-1,-1
72,143,1467.65,693.19,208.70,277.91,1,-1,-1,-1
73,143,1474.02,654.50,201.75,298.29,1,-1,-1,-1
74,146,646.20,-2.17,97.58,201.69,1,-1,-1,-1
74,143,1479.67,655.96,195.86,291.03,1,-1,-1,-1
75,146,652.34,-1.73,105.75,206.37,1,-1,-1,-1
75,143,1481.53,658.30,193.51,285.86,1,-1,-1,-1
76,143,1465.39,657.78,206.55,297.99,1,-1,-1,-1
77,143,1435.17,673.74,229.23,303.66,1,-1,-1,-1
78,143,1436.52,674.11,234.44,300.07,1,-1,-1,-1
79,143,1442.49,671.41,234.74,291.63,1,-1,-1,-1
80,143,1426.86,675.23,239.57,294.46,1,-1,-1,-1
82,143,1419.80,652.57,250.91,314.15,1,-1,-1,-1
83,143,1463.79,657.05,214.10,299.52,1,-1,-1,-1
84,146,548.20,-8.82,143.84,151.45,1,-1,-1,-1
84,143,1484.98,657.77,193.61,291.72,1,-1,-1,-1
85,147,916.81,-19.03,103.91,357.92,1,-1,-1,-1
85,143,1488.21,658.08,188.61,285.24,1,-1,-1,-1
86,143,1487.61,660.34,186.09,279.97,1,-1,-1,-1
87,143,1490.98,659.68,182.30,275.47,1,-1,-1,-1
88,148,1394.47,61.11,40.76,71.00,1,-1,-1,-1
88,143,1494.09,659.93,179.24,273.42,1,-1,-1,-1
89,143,1496.68,660.20,177.22,273.38,1,-1,-1,-1
90,143,1495.24,659.69,178.48,273.58,1,-1,-1,-1
91,143,1493.08,660.80,181.02,274.45,1,-1,-1,-1
92,143,1495.89,662.64,177.37,270.41,1,-1,-1,-1
93,143,1498.62,662.61,173.71,268.52,1,-1,-1,-1
95,143,1485.03,718.63,156.06,217.38,1,-1,-1,-1
96,143,1488.20,743.57,160.39,191.38,1,-1,-1,-1
97,143,1488.46,745.79,174.52,179.00,1,-1,-1,-1
98,143,1489.25,745.52,178.95,170.98,1,-1,-1,-1
100,143,1480.60,744.13,172.57,186.24,1,-1,-1,-1
107,143,1468.17,664.34,182.00,249.20,1,-1,-1,-1
108,143,1428.54,673.99,248.40,279.15,1,-1,-1,-1
109,143,1440.48,679.24,288.88,283.04,1,-1,-1,-1
110,143,1421.01,674.79,317.98,287.94,1,-1,-1,-1
111,143,1403.86,681.79,336.63,285.06,1,-1,-1,-1
112,143,1398.65,678.89,337.10,289.33,1,-1,-1,-1
113,143,1399.45,679.83,336.45,289.06,1,-1,-1,-1
114,143,1401.17,679.59,335.55,288.81,1,-1,-1,-1
115,143,1401.36,679.64,333.69,287.22,1,-1,-1,-1
116,143,1461.16,696.48,229.99,256.51,1,-1,-1,-1
118,143,1453.06,698.18,233.90,265.89,1,-1,-1,-1
119,143,1473.80,685.18,213.36,268.35,1,-1,-1,-1
120,143,1444.30,665.70,221.71,284.56,1,-1,-1,-1
121,143,1430.75,666.13,231.90,287.32,1,-1,-1,-1
122,143,1421.28,667.41,238.42,287.49,1,-1,-1,-1
123,143,1450.47,687.32,218.96,259.59,1,-1,-1,-1
124,143,1481.22,690.28,206.02,248.42,1,-1,-1,-1
126,143,1486.92,699.56,200.67,239.36,1,-1,-1,-1
127,143,1486.10,698.66,203.15,240.07,1,-1,-1,-1
128,143,1488.02,704.68,202.07,228.65,1,-1,-1,-1
129,143,1482.57,705.16,211.91,232.85,1,-1,-1,-1
130,143,1437.78,685.48,218.59,256.81,1,-1,-1,-1
132,143,1433.97,683.80,212.97,256.57,1,-1,-1,-1
133,143,1436.03,684.52,211.18,250.08,1,-1,-1,-1
134,143,1484.34,689.87,218.11,248.43,1,-1,-1,-1
135,143,1501.96,683.49,238.10,258.49,1,-1,-1,-1
137,149,142.65,449.11,231.29,418.33,1,-1,-1,-1
137,143,1474.18,678.15,215.12,306.11,1,-1,-1,-1
138,143,1475.91,682.40,209.81,276.14,1,-1,-1,-1
142,143,1452.59,680.06,234.15,292.37,1,-1,-1,-1
143,149,6.53,559.20,222.87,412.13,1,-1,-1,-1
144,149,29.29,642.21,321.86,361.47,1,-1,-1,-1
145,149,271.99,525.49,249.53,442.26,1,-1,-1,-1
145,143,1478.21,717.56,217.91,245.30,1,-1,-1,-1
146,149,440.10,329.15,184.45,398.89,1,-1,-1,-1
146,143,1520.94,656.00,258.13,298.00,1,-1,-1,-1
147,149,593.53,189.58,166.05,414.12,1,-1,-1,-1
147,143,1515.66,623.12,272.19,344.92,1,-1,-1,-1
148,150,1532.49,0.01,82.80,96.90,1,-1,-1,-1
148,149,671.46,88.86,139.08,393.55,1,-1,-1,-1
149,149,735.58,-5.37,147.03,340.63,1,-1,-1,-1
149,143,1457.82,628.79,308.04,382.92,1,-1,-1,-1
150,149,864.19,-4.18,96.01,266.40,1,-1,-1,-1
150,143,1455.41,643.24,356.28,369.20,1,-1,-1,-1
151,149,958.95,-4.28,129.87,264.44,1,-1,-1,-1
151,143,1453.99,623.27,321.71,386.73,1,-1,-1,-1
152,151,1276.41,-1.01,58.15,128.34,1,-1,-1,-1
152,150,1605.47,1.83,57.16,47.32,1,-1,-1,-1
152,149,1001.24,-3.13,129.77,280.39,1,-1,-1,-1
152,143,1452.53,662.86,341.86,349.64,1,-1,-1,-1
153,149,980.74,-3.78,101.38,282.16,1,-1,-1,-1
153,143,1452.43,629.87,322.56,382.25,1,-1,-1,-1
154,149,1008.41,-4.19,115.33,258.63,1,-1,-1,-1
154,143,1463.26,661.92,304.94,311.09,1,-1,-1,-1
155,143,1464.05,617.24,316.76,374.24,1,-1,-1,-1
156,143,1463.27,624.38,310.03,376.47,1,-1,-1,-1
157,143,1464.41,662.64,292.18,292.26,1,-1,-1,-1
158,152,604.17,-1.74,143.86,258.76,1,-1,-1,-1
158,143,1459.93,663.56,293.35,293.91,1,-1,-1,-1
159,143,1466.90,717.97,297.99,247.52,1,-1,-1,-1
160,143,1465.81,709.25,312.81,255.48,1,-1,-1,-1
161,143,1466.06,702.73,306.98,259.26,1,-1,-1,-1
162,143,1465.46,726.03,325.92,248.23,1,-1,-1,-1
163,143,1466.12,721.58,326.07,247.66,1,-1,-1,-1
164,143,1466.18,720.62,327.69,243.86,1,-1,-1,-1
165,143,1467.11,709.63,307.68,252.63,1,-1,-1,-1
166,143,1462.67,644.49,326.80,314.33,1,-1,-1,-1
167,143,1429.50,678.46,321.40,312.55,1,-1,-1,-1
168,143,1424.59,697.38,297.52,297.03,1,-1,-1,-1
169,143,1413.02,697.66,301.52,282.34,1,-1,-1,-1
170,143,1434.36,707.68,261.20,238.55,1,-1,-1,-1
171,153,1210.39,462.41,194.72,254.59,1,-1,-1,-1
171,143,1456.93,710.87,233.46,219.10,1,-1,-1,-1
172,153,1229.86,421.97,178.05,277.29,1,-1,-1,-1
172,143,1475.22,707.20,214.70,211.84,1,-1,-1,-1
173,153,1231.72,425.05,164.48,275.17,1,-1,-1,-1
173,143,1475.59,704.30,213.68,210.02,1,-1,-1,-1
174,153,1223.02,407.89,172.78,287.14,1,-1,-1,-1
174,143,1476.92,706.18,212.30,211.77,1,-1,-1,-1
175,153,1129.84,266.05,159.88,358.54,1,-1,-1,-1
175,143,1475.03,707.40,213.76,204.55,1,-1,-1,-1
176,153,956.79,174.03,147.98,341.08,1,-1,-1,-1
176,143,1475.90,707.42,213.20,202.77,1,-1,-1,-1
177,143,1476.89,708.45,212.70,213.48,1,-1,-1,-1
178,143,1477.55,709.48,211.31,205.36,1,-1,-1,-1
179,154,1181.26,405.28,176.29,329.09,1,-1,-1,-1
179,143,1476.92,710.65,214.34,202.14,1,-1,-1,-1
180,154,1182.15,410.95,181.58,335.34,1,-1,-1,-1
180,143,1472.28,713.44,211.68,197.49,1,-1,-1,-1
181,154,1224.16,349.53,201.90,361.26,1,-1,-1,-1
181,143,1473.55,715.27,209.21,190.83,1,-1,-1,-1
182,154,1265.11,353.73,215.35,287.01,1,-1,-1,-1
182,143,1469.44,713.75,213.30,187.17,1,-1,-1,-1
183,153,759.36,-0.27,119.94,254.67,1,-1,-1,-1
184,155,932.83,222.25,151.08,392.07,1,-1,-1,-1
184,143,1474.63,783.87,205.74,199.25,1,-1,-1,-1
188,155,1175.93,506.41,234.40,252.22,1,-1,-1,-1
189,155,1176.57,504.91,235.95,241.59,1,-1,-1,-1
190,155,1175.93,503.59,236.01,241.06,1,-1,-1,-1
191,155,1176.77,504.31,235.92,239.51,1,-1,-1,-1
192,155,1192.62,485.65,187.45,233.33,1,-1,-1,-1
193,155,1189.88,499.04,195.06,245.37,1,-1,-1,-1
193,143,1466.26,781.30,208.40,200.94,1,-1,-1,-1
194,155,1188.50,500.83,200.61,241.85,1,-1,-1,-1
195,155,1186.43,500.47,202.54,241.13,1,-1,-1,-1
196,155,1175.75,500.67,239.48,250.77,1,-1,-1,-1
198,155,1185.05,498.79,227.65,247.91,1,-1,-1,-1
199,155,1185.67,499.41,214.86,244.36,1,-1,-1,-1
200,155,1186.55,498.66,214.55,240.20,1,-1,-1,-1
201,155,1185.63,499.10,215.78,240.72,1,-1,-1,-1
202,155,1186.41,500.24,214.29,239.55,1,-1,-1,-1
203,155,1186.40,499.76,213.89,238.33,1,-1,-1,-1
204,155,1186.63,500.17,213.89,238.79,1,-1,-1,-1
204,143,1454.72,762.94,186.42,215.67,1,-1,-1,-1
205,155,1186.39,496.75,198.07,240.08,1,-1,-1,-1
206,155,1188.71,499.36,193.61,256.22,1,-1,-1,-1
207,155,1189.56,498.36,192.66,265.16,1,-1,-1,-1
207,143,1460.82,806.33,193.47,178.51,1,-1,-1,-1
208,155,1209.20,473.07,170.88,259.09,1,-1,-1,-1
209,155,1171.86,422.71,288.25,320.79,1,-1,-1,-1
210,155,1197.44,392.69,204.77,320.03,1,-1,-1,-1
211,156,597.62,-1.99,112.36,226.64,1,-1,-1,-1
211,155,1200.25,407.99,204.58,305.14,1,-1,-1,-1
212,155,1199.81,407.18,201.81,305.43,1,-1,-1,-1
212,143,1487.42,760.92,190.91,198.62,1,-1,-1,-1
213,155,1199.69,407.64,198.38,304.94,1,-1,-1,-1
213,143,1486.64,770.48,188.12,210.99,1,-1,-1,-1
214,155,1165.40,429.38,221.06,313.02,1,-1,-1,-1
214,143,1505.10,776.08,264.33,213.78,1,-1,-1,-1
215,155,1106.63,291.68,132.36,368.11,1,-1,-1,-1
216,155,1098.84,386.36,220.61,383.14,1,-1,-1,-1
216,143,1511.24,771.82,303.74,273.90,1,-1,-1,-1
217,155,1197.41,420.18,201.20,308.89,1,-1,-1,-1
218,157,1413.77,-1.42,114.36,187.34,1,-1,-1,-1
218,155,1198.64,434.46,175.82,295.59,1,-1,-1,-1
219,158,1475.89,-0.40,96.03,148.27,1,-1,-1,-1
219,157,1382.99,-2.90,110.12,195.71,1,-1,-1,-1
219,155,1200.95,435.47,173.03,291.12,1,-1,-1,-1
220,157,1276.51,-3.26,96.62,174.96,1,-1,-1,-1
220,155,1158.20,337.15,186.25,392.00,1,-1,-1,-1
221,157,1226.29,-2.06,99.80,151.51,1,-1,-1,-1
221,155,1057.48,144.01,186.91,401.07,1,-1,-1,-1
222,155,946.83,16.96,121.05,324.82,1,-1,-1,-1
223,159,1243.23,247.63,202.46,356.71,1,-1,-1,-1
224,159,1246.38,194.81,173.80,377.81,1,-1,-1,-1
224,155,967.57,52.04,88.92,327.89,1,-1,-1,-1
225,155,1044.30,39.94,148.85,347.29,1,-1,-1,-1
230,159,1365.70,7.00,109.01,274.48,1,-1,-1,-1
230,157,1285.86,-2.93,86.90,121.45,1,-1,-1,-1
231,160,927.27,-2.47,99.31,239.95,1,-1,-1,-1
231,155,1107.39,106.76,153.34,318.91,1,-1,-1,-1
232,155,1014.20,14.24,162.56,301.94,1,-1,-1,-1
232,143,1482.30,745.91,294.44,260.27,1,-1,-1,-1
233,143,1481.44,720.57,218.74,246.77,1,-1,-1,-1
234,143,1484.57,728.60,232.12,232.87,1,-1,-1,-1
235,143,1474.97,779.44,217.77,200.06,1,-1,-1,-1
236,160,878.16,-17.71,99.45,215.52,1,-1,-1,-1
236,143,1458.19,780.94,231.78,190.88,1,-1,-1,-1
237,143,1471.09,737.80,260.93,211.54,1,-1,-1,-1
238,155,952.33,1.05,111.32,199.04,1,-1,-1,-1
238,143,1456.15,728.57,264.18,222.05,1,-1,-1,-1
240,143,1453.46,685.01,230.41,263.61,1,-1,-1,-1
242,161,633.49,93.85,168.77,311.91,1,-1,-1,-1
242,143,1453.83,733.78,278.45,245.10,1,-1,-1,-1
243,161,852.89,65.37,130.12,356.97,1,-1,-1,-1
243,143,1474.44,691.20,225.51,256.25,1,-1,-1,-1
244,161,944.25,13.23,111.55,346.58,1,-1,-1,-1
245,161,961.39,129.17,141.12,360.02,1,-1,-1,-1
245,143,1465.27,658.32,203.81,281.92,1,-1,-1,-1
246,161,1043.59,314.02,212.18,362.94,1,-1,-1,-1
247,161,1165.88,462.43,166.83,295.78,1,-1,-1,-1
247,143,1479.39,677.24,204.77,269.09,1,-1,-1,-1
248,161,1178.33,446.72,191.98,301.55,1,-1,-1,-1
248,159,1517.64,-1.11,96.91,162.57,1,-1,-1,-1
248,143,1448.00,757.42,307.89,219.65,1,-1,-1,-1
249,161,1187.40,437.02,192.78,303.37,1,-1,-1,-1
249,159,1512.95,-3.83,96.12,187.83,1,-1,-1,-1
249,143,1443.33,790.08,297.48,205.80,1,-1,-1,-1
250,161,1187.36,439.76,196.72,303.09,1,-1,-1,-1
250,159,1435.65,-2.54,105.75,190.36,1,-1,-1,-1
250,143,1406.19,772.86,293.36,211.10,1,-1,-1,-1
251,162,875.39,79.34,168.52,335.74,1,-1,-1,-1
251,161,1182.29,440.19,194.00,305.58,1,-1,-1,-1
252,163,507.11,25.37,131.41,310.37,1,-1,-1,-1
252,164,1825.28,276.45,94.80,283.72,1,-1,-1,-1
252,161,1186.07,387.72,166.41,340.65,1,-1,-1,-1
252,143,1414.18,765.45,281.06,205.83,1,-1,-1,-1
253,161,1136.32,307.22,159.27,407.33,1,-1,-1,-1
254,161,1141.88,359.00,162.97,380.10,1,-1,-1,-1
255,162,769.80,51.57,132.21,366.71,1,-1,-1,-1
255,161,1120.36,298.73,171.49,431.75,1,-1,-1,-1
256,163,480.56,-0.33,127.16,284.14,1,-1,-1,-1
256,161,1154.26,305.02,216.93,389.42,1,-1,-1,-1
257,161,1158.10,301.61,182.04,392.37,1,-1,-1,-1
257,143,1403.73,689.27,296.14,282.03,1,-1,-1,-1
258,161,1158.23,292.98,175.50,400.90,1,-1,-1,-1
258,143,1420.52,652.63,301.77,315.18,1,-1,-1,-1
259,161,1148.12,292.40,176.28,390.66,1,-1,-1,-1
259,143,1423.96,656.56,313.11,308.79,1,-1,-1,-1
260,161,1128.48,303.99,201.04,377.86,1,-1,-1,-1
261,161,1126.01,303.56,196.79,378.73,1,-1,-1,-1
261,143,1429.09,661.79,308.05,316.44,1,-1,-1,-1
262,161,1015.79,248.82,177.73,372.61,1,-1,-1,-1
262,143,1429.15,658.24,298.64,324.17,1,-1,-1,-1
263,162,839.09,99.64,144.24,397.55,1,-1,-1,-1
264,162,932.51,-5.67,115.52,288.73,1,-1,-1,-1
264,143,1470.89,636.81,306.43,307.46,1,-1,-1,-1
265,162,904.07,-5.22,99.47,188.29,1,-1,-1,-1
265,143,1420.19,694.46,371.63,283.38,1,-1,-1,-1
266,143,1430.51,710.50,347.16,274.15,1,-1,-1,-1
267,162,901.15,-1.48,93.25,178.02,1,-1,-1,-1
267,143,1431.83,704.12,349.09,276.11,1,-1,-1,-1
268,162,884.33,-12.53,96.63,186.65,1,-1,-1,-1
268,161,1083.86,39.52,104.07,302.09,1,-1,-1,-1
268,143,1429.67,700.63,376.40,277.43,1,-1,-1,-1
269,163,513.11,-1.84,122.26,235.56,1,-1,-1,-1
269,161,1148.58,10.91,106.01,270.11,1,-1,-1,-1
269,143,1430.00,703.71,351.55,274.95,1,-1,-1,-1
270,143,1428.54,696.50,353.49,280.28,1,-1,-1,-1
271,143,1428.74,703.18,345.05,274.57,1,-1,-1,-1
272,143,1429.94,659.17,329.85,316.46,1,-1,-1,-1
273,161,1176.83,-14.89,108.82,164.71,1,-1,-1,-1
273,143,1433.31,673.97,285.00,293.95,1,-1,-1,-1
275,143,1429.64,667.26,255.86,289.54,1,-1,-1,-1
276,143,1442.42,667.12,240.10,286.08,1,-1,-1,-1
277,143,1447.47,665.94,228.13,286.13,1,-1,-1,-1
278,143,1448.21,665.06,224.07,287.12,1,-1,-1,-1
279,163,409.94,-6.28,140.23,194.68,1,-1,-1,-1
279,143,1447.08,669.12,218.09,282.30,1,-1,-1,-1
280,165,655.10,4.44,125.61,314.91,1,-1,-1,-1
280,143,1449.87,667.78,214.84,282.98,1,-1,-1,-1
281,143,1449.59,667.22,214.67,285.86,1,-1,-1,-1
282,166,1174.16,370.61,181.10,337.30,1,-1,-1,-1
282,143,1447.53,670.70,215.67,280.34,1,-1,-1,-1
283,166,1221.40,452.55,199.63,237.03,1,-1,-1,-1
283,143,1452.89,667.37,217.20,280.45,1,-1,-1,-1
284,166,1241.82,471.78,225.71,219.15,1,-1,-1,-1
284,143,1449.73,665.44,212.97,276.00,1,-1,-1,-1
285,166,1254.19,314.72,187.62,343.35,1,-1,-1,-1
285,143,1453.74,659.24,210.92,284.67,1,-1,-1,-1
286,143,1453.94,662.82,217.21,285.25,1,-1,-1,-1
287,143,1478.35,713.89,216.16,248.70,1,-1,-1,-1
288,143,1487.00,757.07,202.58,202.49,1,-1,-1,-1
289,143,1469.79,793.79,280.43,188.62,1,-1,-1,-1
292,166,1181.71,412.62,174.71,320.01,1,-1,-1,-1
293,166,1266.91,286.69,132.12,364.93,1,-1,-1,-1
294,166,1172.82,323.37,200.47,360.57,1,-1,-1,-1
294,143,1450.64,766.87,236.28,215.19,1,-1,-1,-1
295,166,1173.36,323.99,199.37,359.65,1,-1,-1,-1
295,143,1452.72,761.96,237.30,212.75,1,-1,-1,-1
296,166,1173.15,322.16,197.62,360.29,1,-1,-1,-1
296,143,1456.14,760.88,230.14,209.01,1,-1,-1,-1
297,166,1173.36,325.52,198.03,357.35,1,-1,-1,-1
297,143,1455.56,763.93,236.87,207.80,1,-1,-1,-1
298,166,1172.99,326.41,197.67,359.17,1,-1,-1,-1
298,143,1476.17,680.82,220.74,235.21,1,-1,-1,-1
299,166,1173.24,327.23,198.88,355.77,1,-1,-1,-1
300,166,1173.15,323.17,198.92,359.76,1,-1,-1,-1
300,143,1489.27,682.81,194.92,227.81,1,-1,-1,-1
301,166,1171.41,293.39,160.62,384.83,1,-1,-1,-1
302,166,1101.14,169.67,122.12,419.32,1,-1,-1,-1
303,166,1168.23,268.35,139.97,409.24,1,-1,-1,-1
304,166,1157.70,384.78,216.42,348.19,1,-1,-1,-1
305,166,1241.46,271.35,136.06,410.55,1,-1,-1,-1
306,166,1156.86,264.63,183.45,403.99,1,-1,-1,-1
307,166,1156.13,267.66,185.76,400.48,1,-1,-1,-1
308,166,1156.27,278.51,189.45,389.70,1,-1,-1,-1
308,143,1492.91,705.50,195.72,239.63,1,-1,-1,-1
309,166,1155.03,288.64,159.25,421.21,1,-1,-1,-1
309,143,1486.37,724.69,196.97,240.17,1,-1,-1,-1
310,166,1116.75,408.45,160.03,367.08,1,-1,-1,-1
310,143,1494.07,733.32,189.71,243.10,1,-1,-1,-1
311,166,1117.60,425.63,187.79,349.47,1,-1,-1,-1
312,167,1093.78,12.18,92.75,289.36,1,-1,-1,-1
312,166,1117.00,419.18,189.91,354.64,1,-1,-1,-1
313,168,869.15,5.91,102.84,268.89,1,-1,-1,-1
313,167,1099.46,54.43,167.98,322.48,1,-1,-1,-1
313,166,1116.99,410.50,196.55,366.04,1,-1,-1,-1
313,143,1494.67,718.41,184.67,247.67,1,-1,-1,-1
314,166,1117.14,419.67,183.09,357.15,1,-1,-1,-1
314,143,1497.65,686.28,195.51,272.53,1,-1,-1,-1
315,166,1161.70,350.94,151.70,382.21,1,-1,-1,-1
315,143,1506.24,738.35,201.35,214.01,1,-1,-1,-1
316,169,166.69,-0.48,107.36,190.74,1,-1,-1,-1
316,166,1143.91,299.17,169.94,425.84,1,-1,-1,-1
316,143,1508.29,746.11,224.30,201.23,1,-1,-1,-1
317,166,1154.54,416.03,225.31,326.95,1,-1,-1,-1
318,166,1153.89,364.22,212.34,375.71,1,-1,-1,-1
318,143,1509.18,754.32,228.95,186.79,1,-1,-1,-1
319,166,1153.70,373.36,205.45,369.04,1,-1,-1,-1
319,143,1506.50,759.04,227.18,182.79,1,-1,-1,-1
320,166,1153.20,378.18,206.45,363.37,1,-1,-1,-1
320,143,1504.25,754.20,229.13,183.88,1,-1,-1,-1
321,166,1153.20,377.37,207.66,364.00,1,-1,-1,-1
322,166,1153.67,374.96,206.29,366.28,1,-1,-1,-1
323,166,1153.71,380.38,206.43,361.57,1,-1,-1,-1
324,166,1153.25,378.05,207.69,362.82,1,-1,-1,-1
324,143,1503.80,732.19,235.49,202.28,1,-1,-1,-1
325,166,1153.49,376.17,208.70,364.55,1,-1,-1,-1
326,166,1153.78,371.65,205.47,370.46,1,-1,-1,-1
327,166,1153.69,373.85,207.00,368.36,1,-1,-1,-1
328,166,1153.69,372.47,207.22,368.96,1,-1,-1,-1
329,166,1153.75,373.56,207.09,367.95,1,-1,-1,-1
330,166,1152.98,362.61,190.35,379.49,1,-1,-1,-1
330,143,1501.43,727.95,230.47,202.72,1,-1,-1,-1
331,166,1044.16,390.74,180.67,432.47,1,-1,-1,-1
332,166,1102.17,409.72,208.44,392.41,1,-1,-1,-1
333,166,1201.97,353.71,191.47,340.89,1,-1,-1,-1
334,166,1200.37,364.11,202.61,330.72,1,-1,-1,-1
335,166,1199.96,360.20,200.67,334.04,1,-1,-1,-1
336,166,1199.97,358.46,204.51,336.29,1,-1,-1,-1
337,166,1222.05,326.85,172.30,375.40,1,-1,-1,-1
338,166,1125.99,429.12,205.04,353.98,1,-1,-1,-1
339,166,1137.19,456.42,168.03,329.62,1,-1,-1,-1
340,166,1140.66,458.74,167.04,324.23,1,-1,-1,-1
341,166,1141.75,463.46,169.43,317.61,1,-1,-1,-1
341,143,1502.65,744.24,220.23,189.07,1,-1,-1,-1
342,166,1141.35,463.27,168.08,317.79,1,-1,-1,-1
342,143,1478.86,737.11,252.35,199.84,1,-1,-1,-1
343,166,1142.19,463.68,168.03,317.09,1,-1,-1,-1
343,143,1469.79,729.29,254.85,206.02,1,-1,-1,-1
344,166,1142.95,463.10,167.00,315.91,1,-1,-1,-1
345,166,1171.13,407.50,195.02,348.93,1,-1,-1,-1
346,166,1188.13,389.52,188.98,324.57,1,-1,-1,-1
346,143,1478.09,723.45,251.58,200.77,1,-1,-1,-1
347,166,1188.52,383.66,184.89,329.74,1,-1,-1,-1
348,166,1188.46,383.94,184.94,329.80,1,-1,-1,-1
348,143,1452.09,687.53,236.77,252.83,1,-1,-1,-1
349,166,1188.64,381.24,187.25,332.99,1,-1,-1,-1
349,143,1455.45,684.93,228.20,259.85,1,-1,-1,-1
350,166,1188.19,382.00,184.20,332.51,1,-1,-1,-1
350,143,1453.60,685.25,221.85,264.47,1,-1,-1,-1
351,166,1189.24,388.24,196.59,327.25,1,-1,-1,-1
351,143,1458.45,681.95,223.09,270.18,1,-1,-1,-1
352,166,1187.55,381.49,186.23,336.71,1,-1,-1,-1
352,143,1461.82,663.95,215.86,280.79,1,-1,-1,-1
353,166,1189.07,388.68,178.79,326.25,1,-1,-1,-1
353,143,1462.73,683.66,214.30,267.24,1,-1,-1,-1
354,166,1189.64,386.33,182.17,327.85,1,-1,-1,-1
354,143,1456.45,740.25,284.84,223.74,1,-1,-1,-1
355,166,1204.04,398.36,175.79,308.20,1,-1,-1,-1
356,166,1201.63,401.31,166.45,310.87,1,-1,-1,-1
356,143,1473.84,765.46,240.37,211.51,1,-1,-1,-1
357,166,1201.52,404.90,173.47,308.57,1,-1,-1,-1
357,143,1473.01,767.15,232.95,207.06,1,-1,-1,-1
358,166,1200.33,405.05,172.28,310.03,1,-1,-1,-1
358,143,1470.67,766.09,237.09,212.28,1,-1,-1,-1
359,166,1200.66,400.28,172.31,314.31,1,-1,-1,-1
359,143,1472.72,762.37,234.21,213.25,1,-1,-1,-1
360,166,1201.55,403.50,165.32,308.83,1,-1,-1,-1
360,143,1472.23,750.00,233.30,222.56,1,-1,-1,-1
361,166,1200.71,404.40,159.79,308.08,1,-1,-1,-1
361,143,1472.08,704.71,254.98,269.42,1,-1,-1,-1
362,166,1201.37,406.54,167.62,308.99,1,-1,-1,-1
362,143,1466.36,698.63,289.45,271.27,1,-1,-1,-1
363,166,1201.50,407.88,170.73,307.48,1,-1,-1,-1
363,143,1467.93,698.70,287.87,274.42,1,-1,-1,-1
364,166,1200.18,398.93,168.56,315.89,1,-1,-1,-1
365,166,1200.60,403.36,171.62,313.52,1,-1,-1,-1
365,143,1460.74,688.35,250.50,287.42,1,-1,-1,-1
366,166,1201.82,402.23,174.20,310.96,1,-1,-1,-1
367,166,1200.95,403.63,174.45,309.68,1,-1,-1,-1
367,143,1444.08,666.10,237.51,298.17,1,-1,-1,-1
368,166,1200.78,399.89,180.48,313.74,1,-1,-1,-1
368,143,1436.83,668.55,229.68,290.66,1,-1,-1,-1
369,166,1095.29,298.89,173.01,398.11,1,-1,-1,-1
369,143,1438.43,668.24,228.09,285.87,1,-1,-1,-1
370,166,1060.32,257.39,168.25,439.44,1,-1,-1,-1
370,143,1439.14,668.20,228.43,282.55,1,-1,-1,-1
371,143,1428.35,662.53,246.00,296.50,1,-1,-1,-1
373,143,1437.51,660.67,230.22,300.26,1,-1,-1,-1
374,143,1443.01,660.11,221.13,295.19,1,-1,-1,-1
375,143,1443.82,660.84,219.80,293.30,1,-1,-1,-1
376,143,1446.81,661.95,219.46,295.41,1,-1,-1,-1
377,143,1447.34,659.48,218.81,298.09,1,-1,-1,-1
379,143,1457.51,660.43,213.79,288.30,1,-1,-1,-1
380,170,1367.29,-2.67,75.53,208.66,1,-1,-1,-1
380,166,903.64,41.14,189.06,342.09,1,-1,-1,-1
380,143,1451.77,660.56,211.77,284.54,1,-1,-1,-1
381,166,760.15,49.42,105.67,335.31,1,-1,-1,-1
383,143,1450.08,659.49,217.72,283.23,1,-1,-1,-1
389,143,1454.00,633.15,216.90,306.64,1,-1,-1,-1
390,170,1426.40,-1.03,94.32,190.16,1,-1,-1,-1
390,143,1453.87,657.73,216.89,300.41,1,-1,-1,-1
391,171,498.79,-1.76,107.18,210.54,1,-1,-1,-1
391,170,1393.33,-4.94,101.48,217.45,1,-1,-1,-1
391,143,1456.19,657.54,211.90,298.54,1,-1,-1,-1
393,166,817.92,104.32,151.82,359.22,1,-1,-1,-1
394,166,838.00,-2.93,117.29,324.59,1,-1,-1,-1
395,171,558.31,-5.81,143.99,210.27,1,-1,-1,-1
395,166,959.97,-9.19,137.27,346.95,1,-1,-1,-1
397,172,51.17,5.49,128.63,232.09,1,-1,-1,-1
397,143,1462.68,662.86,211.75,296.59,1,-1,-1,-1
399,143,1475.28,663.31,201.80,282.65,1,-1,-1,-1
400,143,1479.80,662.37,196.99,277.38,1,-1,-1,-1
401,143,1473.27,661.90,198.87,282.01,1,-1,-1,-1
402,143,1470.84,663.85,200.88,283.23,1,-1,-1,-1
403,143,1469.33,663.92,203.40,285.11,1,-1,-1,-1
404,143,1468.61,663.37,202.55,285.31,1,-1,-1,-1
406,143,1472.74,662.95,200.49,280.46,1,-1,-1,-1
407,143,1468.22,664.13,202.54,276.83,1,-1,-1,-1
408,143,1470.25,666.07,206.18,275.88,1,-1,-1,-1
409,143,1465.94,664.40,210.76,280.40,1,-1,-1,-1
410,143,1456.28,667.04,212.84,278.08,1,-1,-1,-1
411,143,1456.09,663.68,215.33,284.35,1,-1,-1,-1
412,173,1202.64,387.22,199.07,312.85,1,-1,-1,-1
412,143,1464.48,663.01,214.22,277.89,1,-1,-1,-1
413,173,1190.89,281.16,169.75,388.19,1,-1,-1,-1
413,143,1459.53,662.48,213.32,270.75,1,-1,-1,-1
414,173,1164.82,395.96,234.68,354.20,1,-1,-1,-1
415,173,1167.63,381.99,197.18,368.85,1,-1,-1,-1
416,173,1144.88,363.56,204.83,350.56,1,-1,-1,-1
416,143,1475.77,657.91,199.41,256.54,1,-1,-1,-1
417,173,1468.46,420.12,154.31,318.22,1,-1,-1,-1
417,143,1469.40,663.71,201.61,291.63,1,-1,-1,-1
418,174,800.64,31.27,168.13,346.52,1,-1,-1,-1
418,143,1455.78,662.40,209.37,285.20,1,-1,-1,-1
419,175,534.70,-2.16,130.98,244.32,1,-1,-1,-1
420,143,1454.22,665.87,208.96,282.87,1,-1,-1,-1
422,143,1452.84,667.46,212.17,285.46,1,-1,-1,-1
423,143,1449.87,666.16,217.82,290.06,1,-1,-1,-1
433,143,1495.21,677.06,214.91,273.29,1,-1,-1,-1
437,143,1486.92,680.84,196.22,262.94,1,-1,-1,-1
438,143,1492.10,680.62,189.08,252.98,1,-1,-1,-1
439,143,1490.90,681.07,185.56,245.68,1,-1,-1,-1
440,143,1490.63,681.90,181.01,249.25,1,-1,-1,-1
441,143,1490.25,679.38,180.27,258.12,1,-1,-1,-1
442,143,1489.29,677.12,178.98,263.48,1,-1,-1,-1
443,143,1488.78,677.60,179.81,265.38,1,-1,-1,-1
444,176,659.72,299.46,195.03,375.16,1,-1,-1,-1
445,176,758.59,8.77,100.63,307.95,1,-1,-1,-1
446,177,44.91,541.28,283.32,198.74,1,-1,-1,-1
446,143,1486.49,676.16,183.52,273.03,1,-1,-1,-1
447,178,491.33,2.75,115.97,243.54,1,-1,-1,-1
447,177,63.38,532.85,274.37,203.34,1,-1,-1,-1
448,179,1262.15,60.51,128.01,285.65,1,-1,-1,-1
448,178,484.15,-3.19,113.26,215.80,1,-1,-1,-1
448,177,66.12,535.12,271.74,203.46,1,-1,-1,-1
449,177,20.74,532.79,321.76,219.30,1,-1,-1,-1
450,180,960.56,29.68,119.29,347.23,1,-1,-1,-1
450,178,505.28,-4.06,98.38,238.79,1,-1,-1,-1
451,177,28.77,530.15,322.81,213.86,1,-1,-1,-1
452,178,546.49,-5.74,108.32,226.05,1,-1,-1,-1
452,177,38.16,527.09,297.18,209.42,1,-1,-1,-1
453,177,57.77,527.64,278.57,209.54,1,-1,-1,-1
456,177,5.99,564.61,309.59,199.65,1,-1,-1,-1
456,143,1466.21,670.81,206.94,276.48,1,-1,-1,-1
457,177,7.56,567.10,305.55,193.15,1,-1,-1,-1
457,143,1461.02,670.22,211.71,275.29,1,-1,-1,-1
458,177,5.08,536.50,309.98,213.09,1,-1,-1,-1
458,143,1456.61,672.09,207.97,268.48,1,-1,-1,-1
459,143,1451.21,671.34,206.98,268.80,1,-1,-1,-1
462,177,5.58,556.18,311.44,197.35,1,-1,-1,-1
463,177,6.54,571.92,315.17,182.79,1,-1,-1,-1
464,181,1824.63,287.25,95.79,243.23,1,-1,-1,-1
466,179,1462.90,214.30,129.08,237.23,1,-1,-1,-1
466,177,10.17,582.48,312.90,168.24,1,-1,-1,-1
467,180,854.86,82.21,147.23,343.58,1,-1,-1,-1
467,177,6.74,573.52,315.44,171.88,1,-1,-1,-1
468,177,6.49,567.52,315.76,177.34,1,-1,-1,-1
469,177,5.17,551.50,317.69,195.30,1,-1,-1,-1
472,177,1.90,550.72,320.40,199.00,1,-1,-1,-1
474,181,1800.65,275.34,119.65,253.02,1,-1,-1,-1
475,179,1604.99,214.27,141.68,275.85,1,-1,-1,-1
477,177,2.59,542.72,319.68,202.88,1,-1,-1,-1
478,177,17.81,553.12,336.95,189.87,1,-1,-1,-1
479,177,288.90,250.12,180.12,358.95,1,-1,-1,-1
486,180,870.50,69.55,96.90,306.11,1,-1,-1,-1
487,180,900.81,-4.72,79.67,191.33,1,-1,-1,-1
488,180,903.76,-4.43,79.06,180.48,1,-1,-1,-1
489,180,896.67,-2.09,80.70,179.59,1,-1,-1,-1
492,182,1469.77,674.36,199.89,277.29,1,-1,-1,-1
492,180,904.74,-2.37,81.10,178.81,1,-1,-1,-1
493,182,1461.84,671.71,206.86,285.14,1,-1,-1,-1
493,180,902.75,-1.64,79.84,178.55,1,-1,-1,-1
494,180,904.63,-3.19,77.50,180.34,1,-1,-1,-1
495,182,1452.08,675.55,209.51,280.22,1,-1,-1,-1
495,180,902.19,-2.32,78.46,179.81,1,-1,-1,-1
496,182,1448.65,676.43,211.34,278.25,1,-1,-1,-1
496,180,955.05,-4.51,93.46,193.65,1,-1,-1,-1
497,183,1085.79,109.99,167.93,353.94,1,-1,-1,-1
497,182,1485.64,685.52,210.28,271.89,1,-1,-1,-1
498,183,1407.88,243.15,207.98,301.26,1,-1,-1,-1
498,182,1479.88,722.21,244.83,269.34,1,-1,-1,-1
499,182,1485.96,734.01,248.25,264.84,1,-1,-1,-1
500,182,1483.51,738.57,245.43,259.64,1,-1,-1,-1
501,182,1485.84,735.41,239.06,252.87,1,-1,-1,-1
504,184,1673.01,512.18,166.89,277.60,1,-1,-1,-1
504,182,1482.34,737.45,240.90,248.42,1,-1,-1,-1
505,184,1670.11,513.69,170.00,305.71,1,-1,-1,-1
505,182,1486.20,712.64,208.95,253.31,1,-1,-1,-1
507,184,1668.38,514.10,163.69,274.12,1,-1,-1,-1
508,184,1667.93,512.81,162.79,264.09,1,-1,-1,-1
509,184,1665.46,514.22,166.77,261.79,1,-1,-1,-1
511,184,1669.47,513.22,166.28,292.82,1,-1,-1,-1
511,182,1487.00,710.81,202.27,249.69,1,-1,-1,-1
512,184,1669.33,513.63,166.95,301.76,1,-1,-1,-1
512,182,1480.01,702.71,201.16,251.28,1,-1,-1,-1
513,184,1666.82,514.29,174.36,314.78,1,-1,-1,-1
513,182,1463.00,679.64,207.52,288.64,1,-1,-1,-1
514,184,1660.38,514.11,177.64,320.20,1,-1,-1,-1
514,183,1583.91,224.79,160.05,297.91,1,-1,-1,-1
514,182,1453.46,693.78,211.94,275.10,1,-1,-1,-1
515,184,1658.37,512.37,180.24,320.46,1,-1,-1,-1
515,182,1454.66,694.75,211.20,269.58,1,-1,-1,-1
516,185,795.52,45.99,108.88,306.41,1,-1,-1,-1
516,184,1664.86,512.60,172.80,328.71,1,-1,-1,-1
516,182,1444.70,692.31,231.17,270.86,1,-1,-1,-1
517,184,1656.47,516.43,170.91,321.26,1,-1,-1,-1
517,182,1444.98,695.93,250.75,260.31,1,-1,-1,-1
518,184,1662.59,512.25,171.89,330.17,1,-1,-1,-1
518,182,1421.85,699.18,255.01,263.68,1,-1,-1,-1
519,184,1660.51,512.65,167.19,332.67,1,-1,-1,-1
519,182,1422.62,702.67,252.71,257.08,1,-1,-1,-1
520,184,1663.69,515.17,170.88,330.77,1,-1,-1,-1
520,182,1430.52,705.03,246.66,257.98,1,-1,-1,-1
521,184,1665.20,517.61,174.98,332.28,1,-1,-1,-1
521,182,1438.35,702.48,242.75,263.17,1,-1,-1,-1
522,184,1665.21,514.83,167.49,337.10,1,-1,-1,-1
522,182,1437.83,702.18,242.53,266.91,1,-1,-1,-1
523,184,1669.59,517.46,168.31,337.75,1,-1,-1,-1
523,182,1434.24,702.20,246.43,264.79,1,-1,-1,-1
524,184,1664.69,519.99,178.16,328.75,1,-1,-1,-1
525,184,1656.49,478.76,170.24,341.40,1,-1,-1,-1
526,184,1654.89,502.67,158.53,319.80,1,-1,-1,-1
526,182,1432.18,701.76,249.11,264.37,1,-1,-1,-1
527,184,1606.66,474.56,217.60,322.06,1,-1,-1,-1
527,182,1428.73,701.80,253.62,266.40,1,-1,-1,-1
528,184,1575.36,465.93,236.34,330.36,1,-1,-1,-1
528,182,1429.55,701.08,251.03,258.52,1,-1,-1,-1
529,184,1613.48,477.23,218.95,340.58,1,-1,-1,-1
529,182,1431.65,702.56,249.42,255.93,1,-1,-1,-1
531,184,1634.86,479.56,193.41,338.38,1,-1,-1,-1
531,182,1426.92,700.30,254.22,258.18,1,-1,-1,-1
532,184,1641.11,479.87,178.79,335.96,1,-1,-1,-1
532,182,1416.83,701.78,262.42,262.07,1,-1,-1,-1
533,184,1659.94,480.40,164.21,334.24,1,-1,-1,-1
534,184,1661.16,475.81,191.41,333.78,1,-1,-1,-1
534,182,1401.40,701.95,277.41,263.93,1,-1,-1,-1
535,182,1406.51,703.32,273.94,258.13,1,-1,-1,-1
536,182,1422.79,702.90,257.17,265.82,1,-1,-1,-1
537,186,938.55,5.01,111.17,320.65,1,-1,-1,-1
537,182,1431.70,702.67,248.75,259.93,1,-1,-1,-1
540,182,1423.13,687.09,254.23,272.02,1,-1,-1,-1
541,186,904.28,18.96,143.22,318.09,1,-1,-1,-1
541,182,1414.07,674.21,266.28,304.94,1,-1,-1,-1
543,182,1443.14,688.73,260.12,276.16,1,-1,-1,-1
545,182,1422.34,653.28,245.73,314.83,1,-1,-1,-1
546,182,1433.11,653.02,233.33,309.85,1,-1,-1,-1
548,186,870.27,-1.90,132.33,255.96,1,-1,-1,-1
549,182,1438.70,661.52,229.90,300.80,1,-1,-1,-1
550,186,898.92,-5.22,94.58,188.33,1,-1,-1,-1
550,182,1440.72,657.96,226.48,298.77,1,-1,-1,-1
551,186,906.16,-1.75,90.91,177.76,1,-1,-1,-1
552,186,904.07,-2.13,83.49,180.25,1,-1,-1,-1
552,182,1445.42,674.00,230.48,284.21,1,-1,-1,-1
553,186,900.06,-2.14,81.52,182.69,1,-1,-1,-1
553,182,1445.77,675.73,234.31,288.37,1,-1,-1,-1
554,186,902.46,-3.81,82.14,183.32,1,-1,-1,-1
554,182,1448.08,678.02,231.44,276.11,1,-1,-1,-1
555,186,940.70,-7.03,92.21,208.01,1,-1,-1,-1
555,182,1453.67,680.78,225.10,269.29,1,-1,-1,-1
556,186,995.02,32.66,116.54,316.98,1,-1,-1,-1
556,182,1458.59,680.96,218.35,274.95,1,-1,-1,-1
557,186,1217.26,178.23,213.22,379.93,1,-1,-1,-1
557,182,1461.90,686.10,212.73,282.86,1,-1,-1,-1
558,182,1460.69,689.38,217.93,264.53,1,-1,-1,-1
559,182,1463.85,709.60,247.05,251.81,1,-1,-1,-1
578,187,1614.88,525.72,146.57,249.35,1,-1,-1,-1
579,187,1603.39,521.54,164.61,268.37,1,-1,-1,-1
579,182,1432.84,681.55,242.56,273.02,1,-1,-1,-1
580,187,1608.12,515.64,162.90,268.83,1,-1,-1,-1
580,182,1397.70,683.23,259.99,276.92,1,-1,-1,-1
581,187,1611.61,522.33,161.07,264.46,1,-1,-1,-1
581,182,1387.48,681.36,268.06,285.47,1,-1,-1,-1
582,187,1644.38,517.88,187.57,285.19,1,-1,-1,-1
582,182,1383.57,681.48,275.59,292.40,1,-1,-1,-1
583,187,1648.24,417.61,207.02,391.37,1,-1,-1,-1
583,182,1385.43,683.35,274.81,297.65,1,-1,-1,-1
584,187,1608.25,471.30,193.08,377.08,1,-1,-1,-1
584,182,1382.38,688.70,293.45,312.62,1,-1,-1,-1
585,187,1606.57,489.79,192.60,361.81,1,-1,-1,-1
585,182,1373.43,683.22,293.68,306.47,1,-1,-1,-1
586,187,1612.48,489.01,187.27,352.65,1,-1,-1,-1
586,182,1369.17,682.98,288.92,293.72,1,-1,-1,-1
587,187,1622.66,498.85,186.39,338.31,1,-1,-1,-1
587,182,1379.71,683.27,279.92,289.01,1,-1,-1,-1
588,187,1622.03,494.36,184.88,337.68,1,-1,-1,-1
588,182,1386.26,678.40,274.80,290.95,1,-1,-1,-1
589,187,1624.46,496.92,178.30,334.50,1,-1,-1,-1
589,182,1390.33,679.76,269.33,289.59,1,-1,-1,-1
590,187,1630.11,496.56,173.31,333.16,1,-1,-1,-1
590,182,1397.51,678.64,262.17,286.20,1,-1,-1,-1
591,187,1633.34,498.23,170.77,330.07,1,-1,-1,-1
591,182,1418.63,678.19,248.52,271.69,1,-1,-1,-1
592,187,1636.76,497.76,164.54,328.17,1,-1,-1,-1
592,182,1419.40,678.73,241.63,273.88,1,-1,-1,-1
593,187,1632.34,507.34,172.23,324.28,1,-1,-1,-1
593,182,1416.00,678.14,244.91,281.39,1,-1,-1,-1
594,187,1628.48,490.38,172.40,336.79,1,-1,-1,-1
594,182,1400.42,676.45,257.88,289.31,1,-1,-1,-1
595,187,1630.10,493.21,169.60,334.62,1,-1,-1,-1
595,182,1406.49,677.91,253.21,287.73,1,-1,-1,-1
596,187,1626.68,499.36,172.66,330.88,1,-1,-1,-1
596,182,1429.55,677.85,238.76,271.99,1,-1,-1,-1
597,187,1616.40,492.79,165.62,336.06,1,-1,-1,-1
597,182,1405.92,677.97,249.25,285.49,1,-1,-1,-1
598,187,1623.04,488.44,164.40,340.31,1,-1,-1,-1
598,182,1403.28,679.53,253.53,291.05,1,-1,-1,-1
599,187,1638.88,496.00,164.99,336.02,1,-1,-1,-1
600,187,1638.30,495.92,165.31,333.80,1,-1,-1,-1
600,182,1389.26,677.26,270.17,298.57,1,-1,-1,-1
601,187,1634.84,494.65,168.27,333.20,1,-1,-1,-1
601,182,1385.40,677.92,275.73,303.19,1,-1,-1,-1
602,187,1630.23,494.42,172.05,333.09,1,-1,-1,-1
602,182,1381.43,676.75,279.57,301.50,1,-1,-1,-1
603,187,1629.45,491.32,171.20,335.06,1,-1,-1,-1
603,182,1380.66,674.69,281.53,302.78,1,-1,-1,-1
604,187,1635.26,492.34,168.13,333.67,1,-1,-1,-1
605,187,1596.44,491.81,203.75,318.73,1,-1,-1,-1
606,187,1607.67,491.22,189.03,302.29,1,-1,-1,-1
607,187,1551.02,496.37,252.51,308.16,1,-1,-1,-1
607,182,1360.83,683.44,303.61,299.96,1,-1,-1,-1
608,187,1592.19,495.83,216.17,327.15,1,-1,-1,-1
608,182,1385.08,682.69,283.86,306.85,1,-1,-1,-1
609,187,1617.20,495.57,194.26,330.27,1,-1,-1,-1
610,187,1619.70,493.31,189.29,325.97,1,-1,-1,-1
610,182,1408.96,677.72,273.64,290.66,1,-1,-1,-1
611,187,1626.53,495.77,184.20,325.18,1,-1,-1,-1
611,182,1388.92,680.23,284.50,296.30,1,-1,-1,-1
612,187,1625.33,494.34,184.64,328.81,1,-1,-1,-1
613,187,1626.08,496.71,185.25,329.72,1,-1,-1,-1
614,187,1625.23,495.72,175.01,332.35,1,-1,-1,-1
615,187,1635.75,498.22,173.38,329.18,1,-1,-1,-1
616,187,1625.11,495.85,181.19,332.00,1,-1,-1,-1
617,187,1628.97,497.85,177.17,330.73,1,-1,-1,-1
618,187,1623.41,494.43,180.87,330.64,1,-1,-1,-1
619,187,1650.52,488.63,181.84,343.04,1,-1,-1,-1
620,187,1641.46,440.91,198.58,340.50,1,-1,-1,-1
621,187,1629.29,414.62,211.92,366.59,1,-1,-1,-1
622,187,1634.84,415.78,207.53,364.90,1,-1,-1,-1
623,187,1649.67,367.46,203.86,355.80,1,-1,-1,-1
624,187,1598.56,264.42,130.26,339.53,1,-1,-1,-1
624,182,1410.97,678.67,259.88,246.93,1,-1,-1,-1
625,187,1619.79,312.69,164.58,292.68,1,-1,-1,-1
625,182,1464.50,680.48,208.69,249.59,1,-1,-1,-1
626,187,1633.02,320.60,160.32,257.80,1,-1,-1,-1
627,187,1617.07,297.25,143.07,259.19,1,-1,-1,-1
628,187,1333.72,224.18,224.49,316.67,1,-1,-1,-1
629,182,1472.07,681.81,195.38,254.95,1,-1,-1,-1
630,188,527.82,-0.97,137.81,205.12,1,-1,-1,-1
630,182,1474.03,680.63,191.83,255.05,1,-1,-1,-1
631,182,1439.93,695.12,217.95,296.20,1,-1,-1,-1
632,189,1821.76,298.62,98.32,270.07,1,-1,-1,-1
632,182,1467.47,684.85,201.91,268.07,1,-1,-1,-1
634,187,1392.35,205.64,209.50,296.98,1,-1,-1,-1
634,182,1446.30,685.53,214.30,289.61,1,-1,-1,-1
635,182,1471.56,680.30,197.67,252.30,1,-1,-1,-1
636,188,535.99,1.09,131.74,310.97,1,-1,-1,-1
636,182,1473.05,679.94,193.74,244.92,1,-1,-1,-1
637,182,1475.08,680.28,189.54,242.76,1,-1,-1,-1
638,188,667.69,-2.14,157.35,236.89,1,-1,-1,-1
638,182,1476.65,681.50,188.10,232.89,1,-1,-1,-1
639,182,1478.79,684.94,185.95,226.91,1,-1,-1,-1
640,182,1495.14,733.54,181.65,213.23,1,-1,-1,-1
655,182,1500.79,749.63,179.90,185.38,1,-1,-1,-1
656,188,787.72,-2.30,106.46,239.68,1,-1,-1,-1
662,188,895.39,-3.42,85.32,185.19,1,-1,-1,-1
663,188,901.25,-5.01,85.24,183.50,1,-1,-1,-1
664,188,903.45,-4.99,80.05,184.44,1,-1,-1,-1
665,188,904.03,-3.59,77.37,183.96,1,-1,-1,-1
666,188,902.73,-3.90,76.40,183.88,1,-1,-1,-1
667,188,902.91,-3.69,75.95,184.10,1,-1,-1,-1
667,182,1464.06,704.17,210.25,272.09,1,-1,-1,-1
668,182,1409.53,673.11,256.75,306.71,1,-1,-1,-1
669,182,1387.99,672.50,279.26,314.65,1,-1,-1,-1
670,188,904.98,-3.97,75.87,183.93,1,-1,-1,-1
670,182,1429.38,673.85,247.57,286.07,1,-1,-1,-1
671,188,902.65,-4.56,76.19,184.48,1,-1,-1,-1
671,182,1439.55,673.30,229.65,261.09,1,-1,-1,-1
672,188,892.63,-0.12,78.89,180.36,1,-1,-1,-1
672,182,1420.96,672.90,240.86,286.50,1,-1,-1,-1
673,190,457.72,-1.82,100.38,195.47,1,-1,-1,-1
673,182,1449.16,674.12,225.13,270.42,1,-1,-1,-1
674,182,1411.83,672.63,248.04,296.11,1,-1,-1,-1
675,182,1398.78,672.76,265.91,307.66,1,-1,-1,-1
676,188,896.59,-0.82,80.35,180.64,1,-1,-1,-1
676,182,1391.70,672.26,271.49,314.16,1,-1,-1,-1
677,188,902.01,-2.88,78.51,182.79,1,-1,-1,-1
677,182,1393.09,672.63,272.16,314.88,1,-1,-1,-1
678,182,1397.32,673.94,266.65,320.42,1,-1,-1,-1
679,188,901.31,-2.69,77.74,181.19,1,-1,-1,-1
679,182,1392.38,672.15,270.52,328.76,1,-1,-1,-1
680,188,900.91,-2.77,78.68,182.36,1,-1,-1,-1
680,182,1389.23,673.46,273.00,331.34,1,-1,-1,-1
681,188,900.51,-3.04,78.47,182.89,1,-1,-1,-1
681,182,1391.32,675.54,273.96,330.80,1,-1,-1,-1
682,188,901.32,-4.21,78.02,184.03,1,-1,-1,-1
682,182,1383.02,686.50,272.08,322.02,1,-1,-1,-1
683,188,902.69,-3.63,77.11,182.35,1,-1,-1,-1
683,182,1431.26,672.81,237.99,304.09,1,-1,-1,-1
684,188,902.44,-5.82,77.34,185.12,1,-1,-1,-1
684,182,1438.28,675.73,234.02,298.47,1,-1,-1,-1
685,188,901.94,-4.43,76.86,184.39,1,-1,-1,-1
685,182,1410.30,674.52,248.30,301.09,1,-1,-1,-1
686,188,902.57,-6.40,76.83,185.62,1,-1,-1,-1
686,182,1404.24,676.82,257.32,302.59,1,-1,-1,-1
687,188,901.71,-2.07,76.18,182.22,1,-1,-1,-1
687,182,1398.65,702.50,267.11,291.88,1,-1,-1,-1
688,190,453.41,-0.78,100.35,189.75,1,-1,-1,-1
688,188,903.06,-1.25,74.75,181.24,1,-1,-1,-1
689,182,1397.71,703.97,270.11,287.91,1,-1,-1,-1
690,182,1407.50,707.03,263.25,278.32,1,-1,-1,-1
691,188,903.48,-4.19,74.68,183.57,1,-1,-1,-1
692,188,901.12,-3.12,76.95,182.67,1,-1,-1,-1
693,188,901.68,-2.68,77.28,182.08,1,-1,-1,-1
694,188,903.42,-3.32,76.16,183.10,1,-1,-1,-1
695,188,897.74,-3.05,79.83,183.18,1,-1,-1,-1
695,182,1416.40,685.47,265.32,291.11,1,-1,-1,-1
696,188,900.79,-4.30,79.48,184.34,1,-1,-1,-1
697,188,901.93,-3.46,77.44,183.36,1,-1,-1,-1
697,182,1400.77,677.57,269.63,298.09,1,-1,-1,-1
698,188,903.65,-4.59,76.29,184.80,1,-1,-1,-1
699,188,905.30,-3.33,74.40,183.87,1,-1,-1,-1
700,188,903.88,-1.47,73.37,180.42,1,-1,-1,-1
701,188,905.85,-2.01,72.65,181.96,1,-1,-1,-1
702,188,960.42,-6.40,84.97,214.55,1,-1,-1,-1
702,182,1442.90,682.78,233.27,279.38,1,-1,-1,-1
703,188,913.09,3.73,99.91,214.64,1,-1,-1,-1
703,182,1469.09,682.83,203.26,272.96,1,-1,-1,-1
705,191,1367.15,220.73,223.58,259.71,1,-1,-1,-1
705,182,1443.77,682.00,218.26,286.68,1,-1,-1,-1
706,182,1426.89,682.46,241.87,296.10,1,-1,-1,-1
707,192,1651.32,402.72,203.58,369.95,1,-1,-1,-1
707,182,1410.02,689.11,256.23,297.51,1,-1,-1,-1
708,192,1647.85,392.86,202.15,378.44,1,-1,-1,-1
709,192,1696.07,551.72,156.45,256.16,1,-1,-1,-1
710,192,1670.46,553.11,170.96,254.47,1,-1,-1,-1
711,182,1446.23,693.43,237.03,263.34,1,-1,-1,-1
712,182,1472.92,686.40,213.45,254.06,1,-1,-1,-1
713,191,1376.56,227.97,196.64,298.05,1,-1,-1,-1
714,182,1466.10,702.93,206.19,248.75,1,-1,-1,-1
715,182,1465.67,703.48,206.69,265.79,1,-1,-1,-1
716,182,1473.85,700.08,198.98,257.12,1,-1,-1,-1
717,182,1474.84,699.38,197.92,246.13,1,-1,-1,-1
720,191,1449.46,394.24,183.97,308.66,1,-1,-1,-1
720,182,1471.42,699.56,200.59,257.15,1,-1,-1,-1
721,192,1486.05,690.28,193.28,265.65,1,-1,-1,-1
721,182,1471.26,700.87,201.83,255.09,1,-1,-1,-1
722,193,1381.47,-1.88,100.80,213.09,1,-1,-1,-1
722,188,1021.37,51.35,101.91,311.75,1,-1,-1,-1
722,182,1474.54,679.91,192.26,253.42,1,-1,-1,-1
723,194,735.76,187.00,169.04,323.28,1,-1,-1,-1
723,195,1800.38,284.88,119.74,225.82,1,-1,-1,-1
723,188,1087.61,47.90,164.51,351.35,1,-1,-1,-1
724,182,1478.65,672.35,182.39,240.34,1,-1,-1,-1
725,194,583.70,273.61,229.91,426.81,1,-1,-1,-1
725,188,1289.94,199.32,194.94,341.63,1,-1,-1,-1
726,196,1033.39,117.41,169.35,358.10,1,-1,-1,-1
726,197,853.45,11.46,127.90,302.37,1,-1,-1,-1
728,194,463.09,231.45,158.59,338.74,1,-1,-1,-1
729,194,419.68,57.59,116.66,274.93,1,-1,-1,-1
732,182,1481.60,672.21,171.05,233.08,1,-1,-1,-1
733,182,1484.66,672.58,167.63,250.45,1,-1,-1,-1
734,182,1480.30,670.75,171.03,240.47,1,-1,-1,-1
735,182,1479.59,670.67,170.54,237.01,1,-1,-1,-1
736,182,1482.94,673.28,167.31,239.03,1,-1,-1,-1
737,194,481.15,-1.04,134.66,216.32,1,-1,-1,-1
737,182,1489.41,676.60,161.63,228.18,1,-1,-1,-1
738,196,1000.20,4.80,97.42,327.37,1,-1,-1,-1
739,196,1059.33,30.02,149.98,309.47,1,-1,-1,-1
739,182,1493.90,678.16,157.19,216.27,1,-1,-1,-1
740,196,1344.75,-1.71,124.99,207.92,1,-1,-1,-1
742,197,915.14,-4.61,137.40,215.77,1,-1,-1,-1
743,198,606.87,49.72,147.35,299.93,1,-1,-1,-1
743,194,496.79,-0.22,102.48,226.60,1,-1,-1,-1
743,182,1492.05,672.31,165.02,230.84,1,-1,-1,-1
744,194,439.92,-1.49,117.52,203.69,1,-1,-1,-1
744,182,1491.15,670.91,168.35,232.97,1,-1,-1,-1
745,182,1490.99,672.60,169.44,230.84,1,-1,-1,-1
746,182,1492.17,673.90,172.56,232.58,1,-1,-1,-1
747,182,1491.29,671.66,170.61,233.85,1,-1,-1,-1
748,199,1818.40,291.91,102.17,253.58,1,-1,-1,-1
748,182,1493.89,676.97,167.82,237.80,1,-1,-1,-1
749,182,1492.71,671.66,166.57,233.47,1,-1,-1,-1
750,182,1495.18,675.70,168.53,241.95,1,-1,-1,-1
751,198,530.16,-2.35,96.28,250.16,1,-1,-1,-1
751,182,1492.45,673.75,166.95,242.15,1,-1,-1,-1
752,182,1493.18,674.36,164.41,248.34,1,-1,-1,-1
753,182,1495.80,674.33,160.37,250.32,1,-1,-1,-1
754,182,1494.25,675.47,162.77,251.44,1,-1,-1,-1
755,200,972.43,486.99,178.53,375.86,1,-1,-1,-1
755,182,1493.65,674.88,162.44,248.74,1,-1,-1,-1
756,200,999.93,605.34,234.14,262.66,1,-1,-1,-1
756,182,1492.55,676.69,163.84,251.01,1,-1,-1,-1
757,200,1072.63,303.76,181.36,453.54,1,-1,-1,-1
757,182,1490.96,674.06,166.88,251.80,1,-1,-1,-1
758,200,1281.93,301.20,204.31,350.74,1,-1,-1,-1
758,182,1494.93,675.81,162.99,248.99,1,-1,-1,-1
759,200,1486.40,267.48,173.08,318.10,1,-1,-1,-1
759,194,476.56,-1.15,123.81,173.69,1,-1,-1,-1
760,182,1467.82,676.50,185.15,281.81,1,-1,-1,-1
761,182,1437.92,674.97,222.24,304.04,1,-1,-1,-1
762,197,1130.43,-12.48,111.23,300.11,1,-1,-1,-1
762,182,1402.66,674.60,251.52,305.13,1,-1,-1,-1
763,201,1390.26,-1.51,104.91,131.65,1,-1,-1,-1
763,182,1397.68,675.09,264.16,301.81,1,-1,-1,-1
764,182,1398.29,674.80,262.16,305.25,1,-1,-1,-1
765,200,1604.42,387.99,214.26,329.28,1,-1,-1,-1
765,182,1398.55,674.84,262.14,307.17,1,-1,-1,-1
766,200,1635.48,397.56,184.49,351.24,1,-1,-1,-1
766,182,1394.28,674.75,267.48,311.05,1,-1,-1,-1
767,200,1640.08,397.14,179.45,352.05,1,-1,-1,-1
767,182,1390.15,674.27,271.39,315.63,1,-1,-1,-1
768,201,1434.14,-4.51,113.52,129.91,1,-1,-1,-1
768,200,1640.21,367.03,189.48,381.70,1,-1,-1,-1
768,182,1389.02,675.82,274.60,314.27,1,-1,-1,-1
769,200,1640.87,398.97,187.58,349.94,1,-1,-1,-1
769,182,1392.08,676.36,269.46,308.00,1,-1,-1,-1
770,200,1638.81,403.01,184.70,345.73,1,-1,-1,-1
770,182,1412.05,677.27,261.52,293.57,1,-1,-1,-1
771,200,1639.87,403.92,183.54,345.28,1,-1,-1,-1
771,182,1440.68,676.56,241.55,286.18,1,-1,-1,-1
772,200,1640.33,407.08,180.88,341.87,1,-1,-1,-1
772,194,560.74,-6.11,107.82,169.88,1,-1,-1,-1
773,200,1637.61,403.48,187.35,345.37,1,-1,-1,-1
774,202,903.55,158.57,183.52,336.26,1,-1,-1,-1
774,200,1640.33,398.99,182.33,349.90,1,-1,-1,-1
775,200,1640.77,390.87,182.08,358.08,1,-1,-1,-1
775,182,1450.69,674.75,223.63,276.18,1,-1,-1,-1
776,200,1658.05,341.42,174.70,368.31,1,-1,-1,-1
776,182,1429.87,676.14,231.88,290.62,1,-1,-1,-1
777,182,1421.84,676.85,239.87,294.14,1,-1,-1,-1
778,182,1427.31,675.89,234.29,301.72,1,-1,-1,-1
779,182,1471.93,675.19,201.49,265.23,1,-1,-1,-1
780,182,1472.95,671.32,197.10,268.32,1,-1,-1,-1
783,182,1469.91,667.77,200.28,251.31,1,-1,-1,-1
784,202,1286.00,368.48,195.72,302.64,1,-1,-1,-1
784,182,1471.48,668.14,199.06,246.83,1,-1,-1,-1
785,202,1281.19,370.06,202.67,295.22,1,-1,-1,-1
785,182,1476.06,669.69,197.76,249.92,1,-1,-1,-1
786,202,1281.02,372.17,197.89,287.56,1,-1,-1,-1
786,182,1477.78,670.53,193.45,252.89,1,-1,-1,-1
787,202,1282.12,372.30,198.35,286.13,1,-1,-1,-1
787,182,1477.31,671.73,193.10,248.34,1,-1,-1,-1
788,202,1281.74,372.58,196.92,287.01,1,-1,-1,-1
788,182,1476.80,671.83,193.80,253.04,1,-1,-1,-1
789,202,1281.07,372.18,193.52,287.41,1,-1,-1,-1
789,182,1475.13,671.63,196.16,250.46,1,-1,-1,-1
790,202,1305.12,347.22,162.57,299.28,1,-1,-1,-1
790,182,1477.36,671.93,193.79,243.15,1,-1,-1,-1
791,202,1288.52,358.13,180.88,294.14,1,-1,-1,-1
791,182,1477.76,672.33,194.02,238.57,1,-1,-1,-1
792,202,1287.66,362.55,185.29,292.48,1,-1,-1,-1
792,182,1476.84,672.95,194.02,239.75,1,-1,-1,-1
793,202,1287.68,369.35,178.62,285.05,1,-1,-1,-1
793,182,1450.12,672.21,217.55,283.31,1,-1,-1,-1
794,202,1286.70,370.90,169.35,283.85,1,-1,-1,-1
794,182,1470.14,672.09,204.04,265.00,1,-1,-1,-1
795,202,1288.44,379.17,176.90,275.40,1,-1,-1,-1
795,182,1479.40,672.84,195.85,254.25,1,-1,-1,-1
796,202,1287.78,369.39,181.43,282.43,1,-1,-1,-1
796,182,1475.63,672.69,195.41,246.96,1,-1,-1,-1
797,202,1260.58,313.42,172.19,331.74,1,-1,-1,-1
798,202,1276.01,364.69,199.94,309.00,1,-1,-1,-1
798,182,1455.87,764.91,272.93,213.74,1,-1,-1,-1
799,202,1276.89,345.04,210.02,318.77,1,-1,-1,-1
799,182,1457.19,741.40,301.79,235.19,1,-1,-1,-1
800,202,1276.85,348.01,179.96,315.17,1,-1,-1,-1
801,202,1277.29,355.97,178.56,310.60,1,-1,-1,-1
801,182,1454.79,747.49,295.61,242.04,1,-1,-1,-1
802,203,1383.67,1.14,88.25,210.55,1,-1,-1,-1
802,202,1278.32,343.13,199.74,318.71,1,-1,-1,-1
802,182,1423.79,708.68,264.39,269.28,1,-1,-1,-1
803,203,1368.92,15.24,84.29,196.97,1,-1,-1,-1
803,202,1272.97,349.32,174.02,317.92,1,-1,-1,-1
803,182,1443.79,707.59,235.30,261.82,1,-1,-1,-1
804,202,1177.52,333.35,205.85,336.57,1,-1,-1,-1
804,182,1455.14,700.69,215.91,236.03,1,-1,-1,-1
805,202,1191.35,366.87,167.65,355.45,1,-1,-1,-1
805,182,1475.91,689.94,199.73,244.66,1,-1,-1,-1
806,202,1191.63,365.86,166.18,357.58,1,-1,-1,-1
806,182,1483.84,709.77,188.05,225.63,1,-1,-1,-1
807,202,1190.83,357.37,168.97,365.39,1,-1,-1,-1
807,182,1486.95,695.58,186.54,227.65,1,-1,-1,-1
808,202,1152.65,327.19,179.48,392.25,1,-1,-1,-1
809,202,1102.59,335.61,158.14,402.25,1,-1,-1,-1
809,182,1477.71,672.07,192.60,240.87,1,-1,-1,-1
810,202,1104.40,329.45,156.22,408.28,1,-1,-1,-1
810,182,1486.01,671.88,185.31,238.85,1,-1,-1,-1
811,204,1328.80,313.03,152.67,296.43,1,-1,-1,-1
811,202,1104.05,331.41,156.48,406.23,1,-1,-1,-1
811,182,1495.67,670.84,177.04,236.15,1,-1,-1,-1
812,204,1329.62,319.19,155.74,293.99,1,-1,-1,-1
812,202,1104.35,330.66,155.01,407.35,1,-1,-1,-1
812,182,1503.65,672.40,175.51,238.39,1,-1,-1,-1
813,204,1328.66,309.72,154.39,301.30,1,-1,-1,-1
813,202,1103.81,329.29,154.14,408.73,1,-1,-1,-1
813,182,1505.16,667.79,168.27,236.10,1,-1,-1,-1
814,204,1328.08,307.41,153.96,304.67,1,-1,-1,-1
814,202,1104.02,335.25,159.84,402.34,1,-1,-1,-1
814,182,1500.87,667.66,168.95,240.68,1,-1,-1,-1
815,204,1331.36,322.22,164.62,283.66,1,-1,-1,-1
815,202,1150.01,414.96,223.14,351.17,1,-1,-1,-1
815,182,1498.81,684.06,169.91,226.30,1,-1,-1,-1
816,204,1331.74,333.05,168.25,284.81,1,-1,-1,-1
816,202,1182.82,383.93,178.53,359.20,1,-1,-1,-1
816,182,1500.09,668.79,168.09,237.98,1,-1,-1,-1
817,204,1329.08,318.83,170.41,293.54,1,-1,-1,-1
817,202,1183.81,387.80,176.81,353.42,1,-1,-1,-1
817,182,1500.94,667.95,166.52,238.81,1,-1,-1,-1
818,204,1430.41,336.29,169.89,288.59,1,-1,-1,-1
818,202,1228.46,312.49,149.05,390.03,1,-1,-1,-1
818,182,1501.66,669.96,163.53,232.80,1,-1,-1,-1
819,205,555.27,-0.39,106.62,289.33,1,-1,-1,-1
826,182,1480.76,674.44,185.73,258.40,1,-1,-1,-1
834,206,1147.33,5.78,112.66,299.87,1,-1,-1,-1
834,202,1461.69,297.48,160.78,335.03,1,-1,-1,-1
835,206,1328.86,-4.91,157.00,260.97,1,-1,-1,-1
836,207,1140.99,71.08,139.70,322.02,1,-1,-1,-1
836,208,1147.69,-1.76,98.70,169.85,1,-1,-1,-1
836,209,932.76,6.30,134.01,330.28,1,-1,-1,-1
836,205,568.37,-0.11,99.31,212.35,1,-1,-1,-1
840,182,1478.36,703.97,200.38,227.49,1,-1,-1,-1
842,182,1482.43,677.82,200.87,245.22,1,-1,-1,-1
843,182,1483.56,677.36,197.98,247.49,1,-1,-1,-1
846,182,1472.35,678.86,203.14,263.40,1,-1,-1,-1
847,182,1488.22,687.88,197.42,242.36,1,-1,-1,-1
850,209,938.00,-3.53,108.18,280.98,1,-1,-1,-1
851,209,960.82,52.64,125.82,350.17,1,-1,-1,-1
852,209,1009.40,221.34,165.49,362.30,1,-1,-1,-1
853,209,1057.77,365.68,192.64,376.08,1,-1,-1,-1
854,209,1058.38,359.26,167.70,383.10,1,-1,-1,-1
854,182,1479.66,736.06,187.38,209.44,1,-1,-1,-1
855,209,1133.04,370.66,224.81,341.33,1,-1,-1,-1
856,209,1225.65,404.14,184.75,315.63,1,-1,-1,-1
857,209,1227.15,412.00,178.26,296.59,1,-1,-1,-1
857,182,1441.77,750.27,194.35,192.15,1,-1,-1,-1
858,209,1228.49,394.00,172.44,311.45,1,-1,-1,-1
858,182,1445.66,748.89,191.41,185.19,1,-1,-1,-1
859,209,1241.28,256.95,159.64,362.95,1,-1,-1,-1
860,209,1432.95,324.98,174.22,380.39,1,-1,-1,-1
861,210,904.93,252.02,165.38,403.25,1,-1,-1,-1
862,210,941.23,179.71,144.33,370.44,1,-1,-1,-1
863,210,1097.53,222.79,161.67,372.93,1,-1,-1,-1
864,210,1271.29,224.63,194.60,365.59,1,-1,-1,-1
864,182,1462.52,739.80,245.97,180.88,1,-1,-1,-1
868,211,558.84,-1.91,110.88,255.55,1,-1,-1,-1
869,212,916.21,30.52,158.94,307.38,1,-1,-1,-1
870,212,1089.55,27.78,127.96,303.92,1,-1,-1,-1
871,212,1157.32,-1.07,143.56,271.42,1,-1,-1,-1
871,211,537.32,-3.01,98.17,234.56,1,-1,-1,-1
875,212,1199.67,-5.12,100.24,240.12,1,-1,-1,-1
877,210,1441.53,446.79,207.70,256.35,1,-1,-1,-1
878,213,1113.50,450.84,203.26,346.16,1,-1,-1,-1
879,214,1555.32,0.02,65.48,101.99,1,-1,-1,-1
879,213,1112.99,451.30,221.11,350.58,1,-1,-1,-1
880,214,1555.78,-0.15,70.23,101.83,1,-1,-1,-1
880,213,1111.43,461.20,231.25,344.80,1,-1,-1,-1
881,214,1555.30,-0.35,69.01,101.76,1,-1,-1,-1
881,213,1110.23,454.52,217.69,350.03,1,-1,-1,-1
882,214,1553.22,-0.18,67.85,100.57,1,-1,-1,-1
882,213,1111.31,454.24,220.32,351.13,1,-1,-1,-1
883,214,1554.01,-0.49,66.84,101.19,1,-1,-1,-1
883,213,1111.21,452.14,220.88,353.38,1,-1,-1,-1
884,214,1555.17,-0.50,66.99,101.36,1,-1,-1,-1
884,213,1111.54,452.14,219.25,354.06,1,-1,-1,-1
885,214,1567.77,0.45,74.97,87.16,1,-1,-1,-1
885,213,1110.87,427.30,196.32,374.84,1,-1,-1,-1
886,215,1427.24,676.34,240.04,281.90,1,-1,-1,-1
886,213,1178.20,377.67,163.59,364.00,1,-1,-1,-1
887,215,1422.06,674.91,240.02,278.72,1,-1,-1,-1
887,213,1203.24,378.61,167.96,334.73,1,-1,-1,-1
888,215,1404.75,673.86,258.59,294.69,1,-1,-1,-1
888,213,1203.12,372.15,164.39,339.13,1,-1,-1,-1
889,215,1401.99,673.99,262.76,296.21,1,-1,-1,-1
889,213,1203.61,373.16,168.83,339.96,1,-1,-1,-1
890,215,1415.68,674.28,255.03,290.93,1,-1,-1,-1
890,213,1203.24,377.18,172.58,335.77,1,-1,-1,-1
891,215,1419.37,673.66,251.16,286.73,1,-1,-1,-1
891,213,1203.79,388.05,175.61,324.17,1,-1,-1,-1
893,216,493.35,-0.72,84.90,207.63,1,-1,-1,-1
894,215,1446.89,676.16,222.02,293.52,1,-1,-1,-1
896,213,1290.93,273.51,177.13,375.25,1,-1,-1,-1
899,215,1479.34,694.12,266.58,249.43,1,-1,-1,-1
903,215,1476.61,691.68,280.64,282.30,1,-1,-1,-1
903,213,1439.92,394.59,200.68,321.15,1,-1,-1,-1
904,217,1152.99,442.15,181.09,320.23,1,-1,-1,-1
904,215,1462.27,655.35,201.36,284.28,1,-1,-1,-1
905,217,1151.46,441.62,179.39,321.92,1,-1,-1,-1
905,215,1458.91,655.29,204.19,278.75,1,-1,-1,-1
906,217,1151.76,442.47,193.59,323.00,1,-1,-1,-1
906,215,1458.76,654.76,203.58,282.96,1,-1,-1,-1
907,217,1149.68,441.13,177.37,323.05,1,-1,-1,-1
907,215,1457.75,655.00,205.16,287.85,1,-1,-1,-1
908,217,1150.92,438.70,179.78,325.23,1,-1,-1,-1
908,215,1459.49,655.77,204.68,292.53,1,-1,-1,-1
909,217,1151.05,439.74,182.42,325.15,1,-1,-1,-1
909,215,1459.52,654.07,205.42,299.19,1,-1,-1,-1
910,217,1151.26,439.05,177.97,326.89,1,-1,-1,-1
910,215,1461.82,653.55,203.06,300.28,1,-1,-1,-1
911,217,1152.10,447.97,194.55,319.10,1,-1,-1,-1
911,215,1460.71,653.72,203.63,300.67,1,-1,-1,-1
912,217,1150.32,445.77,175.10,319.64,1,-1,-1,-1
913,217,1151.54,445.63,178.54,319.16,1,-1,-1,-1
913,215,1478.83,685.47,220.14,279.69,1,-1,-1,-1
914,217,1150.83,439.10,180.61,325.17,1,-1,-1,-1
915,217,1150.52,433.62,169.16,331.49,1,-1,-1,-1
915,215,1471.59,693.42,216.26,274.54,1,-1,-1,-1
916,217,1151.34,432.30,171.61,333.43,1,-1,-1,-1
917,217,1150.92,440.92,171.52,323.39,1,-1,-1,-1
918,217,1151.47,444.07,185.81,320.55,1,-1,-1,-1
919,218,635.38,-2.65,133.44,279.26,1,-1,-1,-1
919,217,1150.31,441.11,185.67,323.57,1,-1,-1,-1
920,217,1151.39,439.49,188.96,324.18,1,-1,-1,-1
921,217,1151.04,438.30,179.48,326.36,1,-1,-1,-1
922,217,1151.51,441.99,189.00,322.64,1,-1,-1,-1
923,217,1150.47,443.89,193.46,321.75,1,-1,-1,-1
923,215,1474.70,689.67,218.13,272.95,1,-1,-1,-1
924,217,1149.76,442.66,185.08,323.30,1,-1,-1,-1
925,217,1149.90,440.24,180.30,326.58,1,-1,-1,-1
926,217,1151.20,362.85,165.42,401.03,1,-1,-1,-1
927,217,1137.83,314.26,149.41,406.94,1,-1,-1,-1
928,217,1184.38,430.50,153.74,312.32,1,-1,-1,-1
928,215,1483.50,693.41,206.28,249.85,1,-1,-1,-1
929,217,1141.45,435.22,183.67,342.06,1,-1,-1,-1
929,215,1472.73,690.77,218.11,262.66,1,-1,-1,-1
930,217,1140.70,425.77,193.93,352.61,1,-1,-1,-1
930,215,1459.01,679.22,216.96,273.74,1,-1,-1,-1
931,218,549.63,-4.10,129.72,283.37,1,-1,-1,-1
931,217,1140.22,428.20,187.99,351.69,1,-1,-1,-1
932,218,762.07,-4.57,120.39,327.24,1,-1,-1,-1
932,217,1140.59,431.35,191.39,349.72,1,-1,-1,-1
932,215,1466.82,672.86,216.45,280.75,1,-1,-1,-1
933,219,1092.26,6.85,103.59,334.36,1,-1,-1,-1
933,220,1295.45,204.15,101.33,285.96,1,-1,-1,-1
933,217,1140.10,391.08,177.51,384.83,1,-1,-1,-1
933,215,1484.33,670.73,195.06,273.09,1,-1,-1,-1
934,219,1177.01,-7.47,124.93,266.14,1,-1,-1,-1
934,218,796.29,121.31,129.51,296.66,1,-1,-1,-1
934,217,1385.86,238.63,181.93,365.81,1,-1,-1,-1
936,215,1464.83,670.38,208.74,282.09,1,-1,-1,-1
937,220,1549.43,174.38,142.02,296.78,1,-1,-1,-1
938,218,1069.21,33.02,115.76,300.95,1,-1,-1,-1
938,215,1453.16,669.78,220.05,291.55,1,-1,-1,-1
939,221,972.39,62.00,131.36,379.21,1,-1,-1,-1
939,218,1169.40,-1.05,120.06,283.18,1,-1,-1,-1
939,215,1445.53,670.23,226.58,299.59,1,-1,-1,-1
940,215,1441.24,670.65,233.08,290.08,1,-1,-1,-1
941,221,940.49,-5.85,107.57,244.18,1,-1,-1,-1
941,215,1437.85,670.74,236.00,293.24,1,-1,-1,-1
942,221,918.44,4.91,113.18,240.60,1,-1,-1,-1
942,215,1465.09,670.50,214.82,284.31,1,-1,-1,-1
943,215,1481.27,670.90,197.62,273.34,1,-1,-1,-1
944,221,973.79,55.63,115.11,287.43,1,-1,-1,-1
944,215,1475.87,670.84,200.06,291.69,1,-1,-1,-1
945,221,958.10,-1.16,109.55,250.84,1,-1,-1,-1
945,215,1467.89,682.27,211.76,270.14,1,-1,-1,-1
946,221,958.49,-1.35,123.21,173.40,1,-1,-1,-1
946,215,1473.21,720.26,213.13,229.31,1,-1,-1,-1
947,221,948.72,10.34,130.79,160.26,1,-1,-1,-1
948,221,943.55,13.25,132.36,157.03,1,-1,-1,-1
949,221,954.78,-3.42,92.28,173.11,1,-1,-1,-1
950,221,904.91,-2.67,87.13,181.15,1,-1,-1,-1
951,221,845.56,-4.02,112.57,185.98,1,-1,-1,-1
953,215,1482.18,680.77,195.77,242.55,1,-1,-1,-1
954,215,1479.93,675.05,190.13,249.36,1,-1,-1,-1
957,215,1476.63,675.39,190.81,266.15,1,-1,-1,-1
960,215,1458.92,676.17,205.15,292.55,1,-1,-1,-1
961,215,1431.10,676.43,230.80,300.89,1,-1,-1,-1
962,222,1494.50,-0.17,56.50,106.42,1,-1,-1,-1
962,215,1432.35,679.58,237.29,300.41,1,-1,-1,-1
963,223,1416.78,0.34,106.26,190.79,1,-1,-1,-1
963,224,1393.22,-0.43,83.38,138.44,1,-1,-1,-1
963,225,687.62,-2.96,131.47,273.14,1,-1,-1,-1
963,222,1512.03,-5.32,65.38,141.03,1,-1,-1,-1
963,215,1428.80,677.89,243.17,296.58,1,-1,-1,-1
965,226,1167.98,105.42,121.37,342.40,1,-1,-1,-1
965,223,1436.44,-1.91,87.80,184.94,1,-1,-1,-1
965,225,554.29,-5.27,117.41,255.26,1,-1,-1,-1
966,227,949.50,84.32,168.22,331.11,1,-1,-1,-1
966,215,1420.76,682.47,245.59,289.84,1,-1,-1,-1
967,227,1094.71,32.06,137.96,304.66,1,-1,-1,-1
967,226,1098.57,32.78,137.37,305.60,1,-1,-1,-1
967,215,1421.61,680.16,249.47,290.68,1,-1,-1,-1
968,227,1168.55,7.66,134.74,270.17,1,-1,-1,-1
969,228,751.41,20.75,131.51,328.88,1,-1,-1,-1
969,215,1438.45,685.71,237.16,274.06,1,-1,-1,-1
970,225,426.07,-3.07,123.88,227.89,1,-1,-1,-1
971,228,873.92,-9.61,89.90,276.41,1,-1,-1,-1
972,228,721.88,-11.83,151.81,261.48,1,-1,-1,-1
973,215,1426.07,672.73,245.35,293.76,1,-1,-1,-1
974,215,1410.71,673.25,262.60,295.52,1,-1,-1,-1
975,215,1407.80,673.24,266.15,299.01,1,-1,-1,-1
979,215,1439.58,672.29,235.48,285.62,1,-1,-1,-1
980,215,1474.72,672.26,201.84,277.08,1,-1,-1,-1
981,225,384.71,-4.57,158.34,206.87,1,-1,-1,-1
982,228,656.32,-2.62,135.33,256.73,1,-1,-1,-1
982,226,1082.24,21.16,123.12,313.47,1,-1,-1,-1
984,215,1454.82,665.14,211.82,292.48,1,-1,-1,-1
985,215,1473.78,715.78,241.39,243.67,1,-1,-1,-1
990,228,793.86,-4.76,122.48,212.74,1,-1,-1,-1
990,215,1502.08,661.75,228.36,256.71,1,-1,-1,-1
991,226,1025.59,110.46,171.90,302.20,1,-1,-1,-1
992,229,616.21,18.06,115.27,325.97,1,-1,-1,-1
992,226,1015.48,9.78,154.06,315.84,1,-1,-1,-1
993,229,698.15,41.61,166.78,325.20,1,-1,-1,-1
993,225,378.48,0.62,131.45,200.66,1,-1,-1,-1
994,225,459.94,-9.68,132.46,274.04,1,-1,-1,-1
