3,128,1345.33,164.23,73.83,149.55,1,-1,-1,-1
4,128,1503.34,176.25,52.61,141.90,1,-1,-1,-1
5,128,1508.97,168.58,43.29,126.45,1,-1,-1,-1
6,128,1536.13,187.92,38.81,111.23,1,-1,-1,-1
7,128,1538.79,203.48,40.63,120.95,1,-1,-1,-1
10,128,1560.15,198.28,43.61,129.65,1,-1,-1,-1
13,128,1592.16,175.72,49.87,115.68,1,-1,-1,-1
15,128,1606.18,180.20,41.58,121.57,1,-1,-1,-1
16,128,1580.09,179.06,40.55,116.14,1,-1,-1,-1
18,128,1566.57,174.66,39.90,118.26,1,-1,-1,-1
19,128,1566.60,174.84,38.92,116.07,1,-1,-1,-1
23,128,1520.78,187.80,40.88,103.95,1,-1,-1,-1
24,128,1510.50,203.80,43.45,112.99,1,-1,-1,-1
32,128,1493.31,203.70,46.93,114.94,1,-1,-1,-1
33,128,1490.03,192.30,43.98,110.38,1,-1,-1,-1
35,128,1512.21,191.90,43.29,102.20,1,-1,-1,-1
36,128,1515.54,197.25,46.18,105.05,1,-1,-1,-1
37,128,1517.55,188.58,48.81,116.49,1,-1,-1,-1
38,128,1519.70,187.66,46.73,118.77,1,-1,-1,-1
39,128,1520.75,187.12,44.11,117.13,1,-1,-1,-1
40,128,1519.12,188.88,43.68,115.19,1,-1,-1,-1
41,128,1520.88,186.15,43.44,118.36,1,-1,-1,-1
42,128,1523.71,188.05,44.76,114.77,1,-1,-1,-1
43,128,1526.16,190.64,51.09,113.91,1,-1,-1,-1
52,128,1540.18,189.24,47.81,119.50,1,-1,-1,-1
53,128,1525.25,193.03,58.02,117.32,1,-1,-1,-1
54,128,1537.70,190.30,47.89,114.70,1,-1,-1,-1
57,128,1527.12,181.93,47.84,118.07,1,-1,-1,-1
59,128,1524.87,182.68,46.61,114.87,1,-1,-1,-1
60,128,1526.34,181.17,48.57,115.46,1,-1,-1,-1
61,128,1524.47,184.16,49.24,113.11,1,-1,-1,-1
62,128,1531.48,185.28,45.24,111.74,1,-1,-1,-1
63,128,1533.72,185.16,48.84,111.58,1,-1,-1,-1
64,128,1540.67,185.52,44.54,107.58,1,-1,-1,-1
168,129,1421.91,194.86,40.45,107.17,1,-1,-1,-1
197,130,1466.43,187.30,47.36,117.39,1,-1,-1,-1
231,131,1236.05,154.59,43.72,136.08,1,-1,-1,-1
232,131,1428.44,183.40,43.87,116.82,1,-1,-1,-1
278,132,1360.23,177.38,31.69,114.62,1,-1,-1,-1
325,133,1218.17,154.99,46.31,139.61,1,-1,-1,-1
326,133,1200.13,161.24,71.86,175.19,1,-1,-1,-1
327,133,1093.83,186.51,84.61,196.63,1,-1,-1,-1
328,133,976.61,231.78,135.92,224.80,1,-1,-1,-1
329,133,940.56,198.29,103.08,219.77,1,-1,-1,-1
330,133,1104.56,172.54,95.85,201.83,1,-1,-1,-1
331,133,1132.87,187.75,76.00,177.04,1,-1,-1,-1
332,133,1027.48,237.71,102.26,166.54,1,-1,-1,-1
333,133,1166.62,172.99,72.55,210.12,1,-1,-1,-1
334,133,1267.17,155.51,61.86,170.05,1,-1,-1,-1
356,134,1428.04,187.65,52.71,112.89,1,-1,-1,-1
378,135,1530.50,167.79,42.26,112.32,1,-1,-1,-1
379,135,1547.54,179.34,44.68,128.64,1,-1,-1,-1
380,135,1450.16,177.28,54.64,141.21,1,-1,-1,-1
381,136,1254.32,156.56,67.35,142.99,1,-1,-1,-1
386,136,1291.72,168.62,60.75,135.54,1,-1,-1,-1
387,136,1445.61,186.11,38.54,121.24,1,-1,-1,-1
389,136,1511.25,182.68,44.49,111.79,1,-1,-1,-1
390,136,1509.22,183.84,49.93,110.79,1,-1,-1,-1
391,136,1508.55,183.98,49.60,110.38,1,-1,-1,-1
392,136,1508.77,183.89,50.51,110.46,1,-1,-1,-1
393,136,1508.78,184.91,47.88,109.69,1,-1,-1,-1
394,136,1508.97,185.18,49.32,109.70,1,-1,-1,-1
395,136,1508.24,184.99,50.49,109.69,1,-1,-1,-1
396,136,1508.51,185.16,51.06,109.64,1,-1,-1,-1
397,136,1510.51,192.42,46.19,103.17,1,-1,-1,-1
440,137,1378.47,188.75,61.62,111.84,1,-1,-1,-1
460,137,1547.54,182.67,53.69,116.91,1,-1,-1,-1
461,137,1519.52,188.65,60.08,124.52,1,-1,-1,-1
462,137,1431.86,186.05,54.67,121.92,1,-1,-1,-1
463,137,1256.85,158.55,72.16,140.47,1,-1,-1,-1
476,137,1394.08,184.84,47.10,118.52,1,-1,-1,-1
494,137,1483.05,207.19,52.64,109.03,1,-1,-1,-1
545,138,1569.90,163.12,37.02,110.28,1,-1,-1,-1
559,138,1572.71,164.03,42.52,114.65,1,-1,-1,-1
560,138,1551.68,165.94,44.82,114.39,1,-1,-1,-1
561,138,1505.56,175.54,44.48,126.08,1,-1,-1,-1
610,139,1226.73,169.22,67.92,126.95,1,-1,-1,-1
645,140,1250.85,165.35,47.50,131.43,1,-1,-1,-1
646,140,1464.43,203.70,52.43,109.09,1,-1,-1,-1
709,141,1217.74,169.01,56.96,122.27,1,-1,-1,-1
725,141,1258.34,159.41,57.39,135.86,1,-1,-1,-1
726,141,1410.84,180.71,47.87,120.20,1,-1,-1,-1
727,141,1478.99,181.03,62.51,134.55,1,-1,-1,-1
728,141,1535.16,177.71,50.07,131.23,1,-1,-1,-1
729,141,1567.39,176.31,41.86,113.73,1,-1,-1,-1
730,141,1569.89,167.02,31.95,103.69,1,-1,-1,-1
732,141,1569.80,168.08,35.63,109.82,1,-1,-1,-1
733,141,1577.92,173.83,35.90,106.39,1,-1,-1,-1
745,141,1547.07,192.63,40.81,107.63,1,-1,-1,-1
747,142,1220.12,159.06,32.37,126.13,1,-1,-1,-1
753,142,1293.41,180.13,60.37,127.28,1,-1,-1,-1
771,142,1555.10,158.74,63.88,135.46,1,-1,-1,-1
774,142,1544.08,169.40,51.36,118.66,1,-1,-1,-1
775,142,1543.35,169.11,43.90,113.84,1,-1,-1,-1
